"","V1","V2","V3","V4","V5","V6","V7","V8","V9","V10","V11","V12","V13","V14","V15","V16","V17","V18","V19","V20","V21","V22","V23","V24","V25","V26","V27","V28","V29","V30"
"1",1.48595524541388,1.54341884195496,1.57394187897358,1.60015967278659,1.60613297244684,1.61751463881959,1.6457992667944,1.61410671029317,1.6593886587897,1.57693844952459,1.59603309788259,1.5933833606455,1.51128197516352,1.53763967647048,1.29002676422652,1.72299199083494,1.77887553398275,1.82178197358702,1.86137774760505,1.88398695770527,1.91729273121527,1.93539861496257,1.9883402216368,1.96025257275585,2.05072967212439,2.04744949700612,2.06230854812844,2.15296722187428,2.13604414615891,2.38532728537159
"2",1.47158319895813,1.52978163779943,1.57615509173328,1.58533165175328,1.61697276547995,1.63276930229739,1.63046204002831,1.6553785682173,1.56677342689052,1.62648060470634,1.60574343112452,1.58238406778358,1.50379148071813,1.53840224725256,1.51891387376694,1.70890213809223,1.78046353928351,1.82383349454399,1.87258674840669,1.891479369732,1.91538479155725,1.93898401885832,1.93370174303325,2.04082280607693,1.99911541240446,2.04165242320516,2.06728344959984,2.16315816792611,2.13512056328127,2.15145034412744
"3",1.48564335386629,1.5338987989208,1.57221583760591,1.59810527810354,1.61878787108251,1.63809436914073,1.62780135264945,1.59881403241105,1.63533834179311,1.59973320265106,1.61276276586511,1.59137631501462,1.56385992241933,1.57813142833659,1.48423163062657,1.72282518417696,1.77095912471422,1.82122485768086,1.85941615259446,1.89089929367829,1.90408900845729,1.94300091793042,1.99665335801889,1.98956944660553,2.03188352521361,2.03226555925757,2.05894510004073,2.1042494887002,2.09090393242733,2.19170584584795
"4",1.48827592284103,1.53122246001696,1.5703315364131,1.5983885349967,1.62660619494129,1.62599935388939,1.6395048247129,1.54228903671623,1.65530032886212,1.30611635746213,1.61196328810424,1.51111643068608,1.63247569557461,1.35835139152413,1.58817237892125,1.73987147269233,1.77647318567732,1.83186501779796,1.85047019803196,1.88261302859989,1.91834161929151,1.93582309142215,2.04949840740166,1.96857855437618,2.31437876840769,2.02350140287082,2.14532358476042,2.02580833305137,2.32043347194422,2.091308691842
"5",1.48157478779408,1.5362256367192,1.56907373228858,1.59922403444097,1.60223584333045,1.62862523189831,1.61872606829303,1.60463472375748,1.6148937999417,1.63349193168147,0.281487223121572,1.34577552611535,1.52829745030606,1.65694550707183,1.21981680915035,1.73586217803594,1.78415993402603,1.82822263506212,1.8600630183011,1.90296706132913,1.90941907643584,1.94336950685101,1.9965285265609,1.99546325660676,1.98843274801056,3.36694772518822,2.30561745255849,2.12941258928907,2.02137909453765,2.45914597618184
"6",1.49421660259509,1.52967942467789,1.56652621453431,1.58982959333094,1.60097294555071,1.5718996091525,1.57747680188048,1.64960014353769,1.58130811908918,1.57444602002694,1.57127407014871,1.37048196732637,1.53659701753252,1.54633485269644,1.51614497058439,1.71946696366264,1.77427757816675,1.82178258734637,1.84646198836918,1.90407660539508,1.96687884418408,1.99179495185908,1.9490890455955,2.0373463380317,2.05914213172671,2.07257434339444,2.2830243610527,2.13684392131829,2.12609325771766,2.162180352292
"7",1.48564646222093,1.54267617850477,1.57350347947587,1.59083409907122,1.60261840491885,1.60582267592331,1.61504755319588,1.57278670718154,1.64146230981754,1.60380819374659,1.50170160970317,1.63941696196767,1.52897058749445,1.63118998302605,1.33770919223628,1.72206008670639,1.77835425209043,1.81531030516674,1.84806852493141,1.91233276788697,1.94190893099493,1.95494067789452,2.01822187001307,1.9701212023422,2.00604102270564,2.13883705052568,2.01235474468674,2.13788340464418,2.03505769312214,2.33981489294786
"8",1.48378261089079,1.52837782082414,1.57399271891664,1.59983310537292,1.61363657900611,1.60043689453244,1.63011232051386,1.6400458774692,1.6223356247346,1.62511067158754,1.29503130011014,1.62338058972421,1.32269311776697,1.36921096384208,1.57110998494329,1.71648059221687,1.78314853196151,1.82103120796604,1.85076499762088,1.88998268056639,1.93567988858226,1.93951757998808,1.96467801900884,1.99477391922172,2.00417085830118,2.35527282974114,2.03419444431433,2.34295806362566,2.30233134696888,2.10367544357236
"9",1.48513126791126,1.52372768082242,1.58454978650259,1.58629586572066,1.61325807824426,1.62399774671684,1.64487719265563,1.60229691987676,1.49094955413598,1.59314909645193,1.65140249934114,1.38070294967685,1.35044700040884,1.28150199174729,1.28031099082947,1.72785612169201,1.77902438352583,1.82259218526983,1.87075180370508,1.88944400566648,1.91295726342103,1.92698295113034,1.98878948974162,2.12245889708917,2.04035471871401,1.99338906872568,2.2706435961446,2.30753670797219,2.38177041509448,2.39097277653375
"10",1.49393969230955,1.52546687140124,1.57283928727861,1.59403635904765,1.62396630917221,1.63465739848408,1.63083975337144,1.62215700281957,1.64463697766757,1.4685372770272,1.5308896150135,1.48091741292112,1.52932294135786,1.61514921861973,1.53253949066853,1.73135086613034,1.788332777643,1.82869913649444,1.86336981896119,1.88466485147881,1.90688805210651,1.93452824022205,1.97833632261034,1.97060250538313,2.15745200985123,2.11635531711005,2.1702885111656,2.13012453636485,2.06013409649732,2.13941187392609
"11",1.48308802507131,1.53621348692594,1.57419354099872,1.60398490400171,1.60940010283612,1.62687117591317,1.62094100170946,1.61907811549565,1.65046950291499,1.47561263341237,1.62845068326754,1.64820231202245,1.4370204271982,1.55896922357925,1.36242050367103,1.72557886357866,1.78324133848337,1.82249241322638,1.85393735877415,1.8972543027509,1.91355626926117,1.94831914894804,1.97490892641197,1.97279985869754,2.14687720629489,2.0124273504871,2.01564923492332,2.23097329223246,2.10900804711962,2.31555393008566
"12",1.48522282970237,1.53678894856978,1.58100479172594,1.5950467251239,1.62244524244,1.63115567217798,1.6350751653152,1.53418107888063,1.62329498252293,1.44929271296186,1.55037230429835,1.5542312268515,1.39661620098772,1.53422360672693,1.47783576414126,1.72188583548909,1.77698612121799,1.82519162900188,1.8591323830389,1.88569403249604,1.90731999140644,1.93691687295048,2.06082881812348,1.98228104667353,2.18390713236261,2.08806168642651,2.09916528540063,2.275621515733,2.1384050515447,2.19983955889693
"13",1.47816055554938,1.52957639720856,1.57456242318554,1.58575229706062,1.62791378519209,1.55648482999955,1.64478677469638,1.60630774608404,1.58215039795374,1.63436481878421,1.57479168665877,1.09087884792167,1.25756635933181,1.39327389836341,1.29763658186721,1.72288141221442,1.78506354671418,1.83022135518457,1.86053284927185,1.88746495092394,1.97885759184275,1.93747011362129,1.98327178767034,2.03119848731007,1.99421215517734,2.06331706463704,2.56187481759584,2.39403340688654,2.28053154697593,2.37903982790995
"14",1.48379782059657,1.53196227175188,1.57468990646384,1.60654666037831,1.61666342930016,1.63539882407856,1.63976594338025,1.6580644183546,1.60923628631448,1.6077367695008,1.47780277497365,1.60342061064506,1.27052908463162,1.5071916539979,1.50061988418089,1.72198418782413,1.78256526873795,1.8233402990117,1.85736560454249,1.88417990904097,1.90632373670594,1.93505190301281,1.94805865839075,2.00570032211126,2.01763495012353,2.16218758662264,2.04606760884959,2.38648071338599,2.15454696801653,2.17324527804866
"15",1.47615205671977,1.5359805286876,1.56058404420703,1.59193890280265,1.61597763912898,1.61312362062164,1.6364411588599,1.62949828797818,1.6109459042212,1.64984437931874,1.52806468277982,1.59669680604015,1.0034376696977,1.39254432975555,1.60271769935458,1.71759815825608,1.78114076161093,1.82375251711147,1.8626187057454,1.87916800792749,1.93355801566549,1.93024821362068,1.96531394170614,1.99900049647062,1.98078778482309,2.10141937902496,2.06056268101716,2.65957325130409,2.28563832750181,2.0683778022453
"16",1.49436633251826,1.52274240920976,1.57218122133765,1.60869662651316,1.61583176908815,1.63736000221557,1.57108016235869,1.61344558255189,1.61266409186142,1.57925539621097,1.61474610497728,1.54612351805599,1.5768287877367,1.40090962469739,1.61000195039847,1.7258228100879,1.78034203850932,1.8304254802066,1.85652908660123,1.88181547283919,1.90647196104446,1.98714238576602,1.97647836910819,1.98795347705873,2.0471264975115,2.0263035053963,2.09559906543625,2.08387593875451,2.27506741231321,2.07003360915179
"17",1.47833703239107,1.53078126398256,1.56630489335037,1.59800487158862,1.61375459478409,1.63303671188622,1.63084274635226,1.58845023202044,1.33320285469814,1.58254149629544,1.64824752502482,1.57818865353223,1.57754421759603,1.26618732017062,1.40493388223083,1.7223579185774,1.77877580068039,1.81531973296703,1.85720942673151,1.89439899886514,1.9104655696517,1.93534122128164,2.00592922041523,2.2804725297059,2.04688061130218,1.99315783871687,2.06604630046739,2.09539374355541,2.40133209574372,2.27390610137869
"18",1.47683613197272,1.53615426673388,1.57029338058436,1.60517868092405,1.61517037337663,1.63369373693823,1.59126728470132,1.62182680598633,1.62649500586225,1.62594878240274,1.58442522827417,1.55966406960563,1.51988056801006,1.42548297635911,0.461054099874002,1.71573605384936,1.77652218021018,1.82655425345303,1.86563271340546,1.8902604017651,1.90258757166885,1.9691358232287,1.95918373320222,1.98600431704573,2.01214812003931,2.05922834753605,2.09757102536995,2.14077487474587,2.23874593617911,3.21442220693157
"19",1.48362244642636,1.5203446440373,1.57284659188672,1.59219236375096,1.61357204299263,1.60393634381642,1.63234645910754,1.63253166843214,1.65567864450061,1.54137420938518,1.57003265815186,1.49643126593035,1.59122246073895,1.37620976065182,1.61219059791696,1.72508066798669,1.77028505402253,1.81233273741705,1.85449741445097,1.88243672720134,1.92396682035259,1.9303312774718,1.96170222391073,1.9628661531259,2.0894712736252,2.06824676449794,2.15218100015965,2.07089260744954,2.29599550001446,2.06208272582291
"20",1.47454281995323,1.54006132750448,1.57946446340455,1.59400614684086,1.61686040386646,1.61764535617874,1.61838709699269,1.62710471426212,1.51134607917403,1.58915160117218,1.61734743161106,1.49042967490598,1.53397824442917,1.40735144730879,0.860818891925922,1.71568117139623,1.78236584302706,1.82992906821102,1.85632923531685,1.88679506581,1.92159491972733,1.96473797300048,1.97534106926228,2.09811558249029,2.04540709935608,2.0351021225137,2.16465965345614,2.1270908816446,2.26422965313068,2.81589578707516
"21",1.49425181880396,1.53144476181363,1.56566521833411,1.58551994383523,1.58682858185046,1.61747453963513,1.62520750039259,1.61203823905438,1.61516486494934,1.60207415683816,1.53315906019411,1.6070433418155,1.64220254818622,1.53155951230455,1.5758651099505,1.72123818968153,1.78951235805274,1.81040610321422,1.87969602717851,1.9185593660742,1.91423154251623,1.94551523331549,1.98397589882152,2.00487600577902,2.03123785515511,2.10920882604988,2.04455511473781,2.02385285079158,2.14710205709122,2.09959954580512
"22",1.48932233849032,1.53157059966059,1.56440624679839,1.58260961984334,1.6233448497739,1.62802755475194,1.61178292261958,1.63956558178479,1.62168635495789,1.45633060801944,1.5908941150035,1.54312179288405,1.52406679174762,1.51914878146893,1.47362800537602,1.71477774699982,1.77861173704938,1.81873631620669,1.87612585253167,1.89392457319336,1.90942799917749,1.96061907358659,1.94737943795154,2.00020289696641,2.17027362533538,2.05070055016042,2.11247434566648,2.13633072158786,2.1539428773881,2.19720480190816
"23",1.46943834633514,1.52536425362144,1.5685606892157,1.59744006522556,1.6000946006712,1.63911552837188,1.62481700348799,1.56046966254819,1.53142558330937,1.59953875814943,1.61772458856054,1.54795758253533,1.30725034063788,1.43192810105832,0.978310580554354,1.72031255590391,1.77566198042264,1.82820469533747,1.8727676795897,1.89786792388677,1.89292904794577,1.92983704663929,2.02576832208688,2.08916340831476,2.03638009660217,2.01691767461056,2.10366101501579,2.3540047794698,2.2439010349017,2.71055920204998
"24",1.48097692626557,1.5374961526014,1.57492961529471,1.59743173560944,1.60998096634954,1.6290118375946,1.62997140418832,1.62725375577876,1.62055931604679,1.46123281436004,1.50770315709651,1.51870793965308,1.54869243252978,1.42612889561161,1.65169455972848,1.71876784973201,1.78038950942755,1.82845209297143,1.85346081180205,1.89126953977486,1.90675899170269,1.93779241879478,1.96971270460688,2.00174514886725,2.17032941526129,2.13867307951809,2.12830201728604,2.11589183102294,2.24142656263455,2.02150727268952
"25",1.47416458463736,1.52747668409107,1.56412119115332,1.59108047309576,1.62491545313984,1.62497624988059,1.63873092351422,1.60498542238961,1.62018500274124,1.56134222928596,1.52283015947632,1.53689931855247,1.41097733967236,1.3790229682108,1.53491834352598,1.72674775171584,1.7686617548099,1.82382438478026,1.87115954209314,1.89015348317566,1.91136569426471,1.9277306834658,1.99085439007289,1.99738779041576,2.07482538767932,2.12320521356347,2.12926982720968,2.25515695216824,2.29640908020004,2.14541584368014
"26",1.47691972558138,1.53190942387662,1.5787612737061,1.59897796229526,1.61172811848645,1.60951211586971,1.64397136280834,1.60819516771548,1.62601310714483,1.59985862193786,1.56643775270424,1.52753937868591,1.58819002460745,1.50053522660644,1.53698390785249,1.71673711677543,1.78587643246366,1.83085204785614,1.85169978761986,1.89123047929816,1.91556111504658,1.92119052290463,1.98471129007015,1.98828379377158,2.02479400130993,2.073735031618,2.11486203979675,2.08374662614467,2.16874907541798,2.14824753011859
"27",1.47745614145787,1.53904484079225,1.57474240196538,1.59360640017077,1.61533635910935,1.63079402966088,1.6494186704613,1.61248702271157,1.62337116851036,1.63556492744993,1.50408760538782,1.54320866814149,1.13746684303349,1.58327631277235,1.50595767719477,1.72135319620872,1.77681827830807,1.81577883512022,1.86437533242967,1.89087081755386,1.91382943233747,1.92787853126562,1.98204620670389,1.99540884395374,1.99397847312767,2.14301943877259,2.11656646765109,2.53144507611321,2.08354181567421,2.16172501182871
"28",1.47864730837073,1.53990762295636,1.55845398280456,1.59993570001172,1.61098937039884,1.63798636112858,1.61946414018795,1.62017718449112,1.60625114236051,1.60725601772925,1.55117716237095,1.58344879208028,1.51126660914108,1.49298934262896,1.2638364945212,1.71570568633799,1.77584511049757,1.82388371110806,1.848955326023,1.89229507907906,1.89519864718232,1.96016358386419,1.96679779418296,2.00077772966542,2.02899880115351,2.0904190156206,2.06998723042907,2.15225275449359,2.17840803750692,2.41685751181961
"29",1.45788887067169,1.50778326308309,1.57073655162675,1.58765444616317,1.61401649902544,1.60721552258935,1.63946816640001,1.65053780187516,1.63804804441994,1.58011684204951,1.37839489898801,1.59207272957178,1.55716626325538,1.57687243955529,1.52227622068696,1.72000563847934,1.78606709427275,1.83357229975608,1.8675301662519,1.88849247501645,1.93685564906844,1.93368695014877,1.94033313604468,1.97172674694244,2.04379805390331,2.2678214063005,2.0574426041295,2.11458868326722,2.09087724890207,2.15090932238557
"30",1.48163340528053,1.53339917498643,1.57252075887155,1.59823110268115,1.62649313547912,1.62251686722308,1.59997213914092,1.57158008421126,1.59669298939414,1.36391230666884,1.23940115676329,1.59100755596618,1.37662477993188,1.5298822826592,1.55605952052281,1.7263820465066,1.77586785829357,1.81582931594384,1.85690432374773,1.8897584052848,1.90940124424418,1.96997696432965,2.01546541392649,2.0127146618457,2.26400154837497,2.39940179051037,2.06925992168676,2.28119566197481,2.14353281910811,2.12748186575186
"31",1.48266870570051,1.52672439070567,1.57614415488442,1.59802190156547,1.61219430229721,1.64705219724672,1.63154872733518,1.58162060516374,1.59813549550032,1.62954273873551,1.58935092811789,1.25756254584757,1.54188244856805,0.987521023918858,1.17862381550589,1.72761503973493,1.77942169109599,1.82563279086692,1.86202120233601,1.88870999818055,1.90508838777505,1.92604145486988,2.02034466141565,2.02392324400097,2.00636908241282,2.04499211371762,2.40448257099163,2.12253231634491,2.68529720722696,2.49260977784012
"32",1.48990728626925,1.53674189651147,1.56671258794568,1.59151515928617,1.62068031321536,1.60876381704538,1.62818965116272,1.62870171902401,1.54947651406856,1.61420046966303,1.59637560689351,1.62214098471821,1.63573495809866,1.62156630005778,1.57615969418449,1.72073280147907,1.77555513145949,1.80525727704033,1.85434232882018,1.88929386447577,1.9229242473265,1.94207521069594,1.96110825023931,2.06821152604584,2.01756417757619,2.04616704938365,2.03777951557363,2.03868189413088,2.05152339149481,2.09167991682472
"33",1.47841955129092,1.54054655270503,1.5674975264525,1.59285977817645,1.61267983780627,1.62586285248831,1.60884921131509,1.52465653983161,1.62690066677344,1.5505042481075,1.61664188902821,1.22108875140014,1.57320423125035,1.57834336351292,1.46657887236738,1.72072035460211,1.78736035775362,1.82181165831029,1.85342470158742,1.89247632782147,1.90571640365014,1.95438440899956,2.06618263481943,1.97781820894815,2.07886248935012,2.02591514584432,2.44202199197063,2.09130549360883,2.09440832455899,2.21543877368976
"34",1.48260484557924,1.52516333860259,1.57672908869776,1.60360453768472,1.62828972506947,1.63332845076535,1.60988750978326,1.63590534973526,1.65411812364437,1.21116425606671,1.4157720103951,1.57896995583993,1.5792781457268,1.54430684620896,1.51974553900553,1.72541776433136,1.78640346537506,1.81878969933046,1.85961316543893,1.88013571807615,1.91466326329926,1.95948845710806,1.95033408304357,1.96325112420568,2.41873124937827,2.22707437548159,2.07259483993976,2.09218701577396,2.12805599146146,2.15787393268345
"35",1.48903083251286,1.53781209497383,1.57456420007663,1.59543437258269,1.61687892838327,1.62677391240145,1.63684615564538,1.62981254004772,1.57644226138861,1.59036035807333,1.49257145844759,1.53254679896842,1.59857885294679,1.48365786543236,1.63564279307131,1.72238771544231,1.78752251861445,1.82423030136659,1.86920338184043,1.88383679992693,1.92397936890275,1.93386373796905,1.9675939475263,2.04641276194983,2.03923385936853,2.14923561903333,2.1282935326409,2.06464257027667,2.18448560505516,2.03977476224312
"36",1.49029301566109,1.53683805361138,1.56755235849924,1.58657859775663,1.6200145063785,1.61607100178699,1.6367112402784,1.60180237567677,1.62723995861711,1.58141638628654,1.58442319056195,1.56841280774389,1.48922067031092,1.65945499127665,1.5609140748885,1.72274846245339,1.77467934861889,1.82672173721587,1.86304829611627,1.87835133621998,1.92413512852356,1.9300490968641,1.98491186030977,1.98620189784899,2.04721470658384,2.05324424800167,2.0871677497193,2.16996170375793,2.01293254879937,2.11501884406954
"37",1.4982934458743,1.52684332685334,1.57737483437822,1.59993805813961,1.62020706243069,1.61126208894391,1.61509891538753,1.6415202613799,1.65067762703171,1.61871764661086,1.62148701957126,1.62872182370464,1.46478370815858,1.56938042625417,1.54559337339322,1.72694039666324,1.78021709604741,1.81466390398301,1.85146962631795,1.89302905514857,1.92566778431714,1.9470986934813,1.95354780986983,1.96473014608594,2.01319098044089,2.02908978820773,2.01857474801775,2.20158603541942,2.0999446789995,2.13452392357838
"38",1.49693405919597,1.52736809966258,1.56386122827306,1.59799262044664,1.60000918014431,1.59219273920766,1.63329309577966,1.57678107308657,1.61044267384317,1.62075288688717,1.61673909646516,1.2602561530681,1.61719357808287,1.43098661489882,1.27747061744035,1.72406292173132,1.76545184136985,1.82383188879376,1.85441968867264,1.91065815665488,1.94975184891431,1.9405280969109,2.01383333878598,2.00364366817424,2.01908312964834,2.01972901813227,2.38351675618651,2.04586129611637,2.24239795000931,2.39950482501768
"39",1.47128395997405,1.5427756166254,1.57579205477604,1.59369013907181,1.62940412289738,1.62884068031851,1.62802387703794,1.62064491009818,1.53652550953519,1.54681143740374,1.57669257107048,1.55299582600869,1.0313716063713,1.24425939170496,1.51887501418657,1.73364754229422,1.77931424109986,1.82001852839336,1.85235301612787,1.88404235159665,1.90184394275843,1.95789696080516,1.97541813597579,2.07529487592056,2.07958236391113,2.06264278288088,2.1050358062562,2.6348544540047,2.43015810808914,2.1576502118111
"40",1.49040033646113,1.52623845401063,1.56463733496677,1.59003923265692,1.62040763071957,1.58557935145427,1.65631080075795,1.63025626466171,1.5925893663412,1.61098237870489,1.63029203725764,1.28862378326968,1.56601919638885,1.41429235670486,1.55660037701786,1.72100434448201,1.77640848263925,1.81390235922671,1.86970016435511,1.8759471452726,1.9396812481098,1.92929239651153,1.96593251129175,2.02124306860897,2.03185821288402,2.01350168420598,2.37169077395503,2.09870538458989,2.25916088073282,2.12271832283847
"41",1.47654036443915,1.53960102761379,1.56336105882967,1.59590344100607,1.62067784216914,1.61532951699664,1.63750470074574,1.635924560473,1.62768796771775,1.61554482275968,1.37132095738758,1.42376138748751,1.48766275263915,1.10899471300541,1.65102410410315,1.72651689276622,1.77512068067622,1.82212314794281,1.87198010676761,1.87890583890473,1.92729228175051,1.94269494383374,1.95820093608107,1.98961127867056,2.02215991663204,2.27504558976416,2.23172085481104,2.17878981506538,2.56394557390749,2.03490258503288
"42",1.4868828707369,1.53759585531394,1.56019521909833,1.60250153253365,1.60825124650479,1.63132002570429,1.61990984230419,1.6212906807752,1.61413202729288,1.54386038973535,1.65581763600891,1.59659751291641,1.60217517211115,1.50347605575864,1.46747522289557,1.73172838939428,1.77693194125907,1.8186826634458,1.85314894456248,1.8968983293009,1.91171535406162,1.95505363030484,1.95997565873811,2.00076794817889,2.07785516803619,1.97859765618426,2.05186750307339,2.06074158353872,2.16483092622964,2.21162188262619
"43",1.47884142016605,1.53437618489677,1.56548069438516,1.60448349786967,1.61513963409501,1.61392213740134,1.61696371981706,1.64779424041551,1.61160757201378,1.53313244051662,1.5291295216089,1.55325448520608,1.36342044446197,1.62533082748622,1.60896293126301,1.72204006873821,1.77720480506835,1.81514149825904,1.8554598272758,1.89180887252376,1.91931457533138,1.95236783221374,1.95136214539971,1.99257401998984,2.10010067586955,2.11398787757014,2.10535923325955,2.3001681786498,2.04606274771379,2.07198866698468
"44",1.47476971208026,1.53701470978998,1.58344943015585,1.59951085408449,1.59566273092745,1.63466516775451,1.6422644257944,1.61186828457186,1.64022438811937,1.49438194827361,1.61657209769192,1.05775347267445,1.47215083822163,1.08952319124662,1.50777921621476,1.72557753039678,1.7768250466948,1.82093670963267,1.85757819225067,1.90928642620143,1.8967156069678,1.92601358671826,1.97753964433323,1.97701015200316,2.14346720828022,2.03038290704637,2.60201459605408,2.19289277416882,2.5811210182461,2.16859475810008
"45",1.48183698430087,1.53601909376782,1.57317273111713,1.59875942341725,1.61289542295374,1.62261862133474,1.63401354858099,1.64389668795793,1.6303493351476,1.63261119221572,1.5833528130597,1.45083291028141,1.61618421942336,1.51014932550227,1.51038346398909,1.72381112087686,1.7711417548794,1.82106309916344,1.85798228924228,1.884250421776,1.92298586371514,1.93933107350895,1.95515319834139,1.98271294512818,1.99700946569877,2.05777830536353,2.21610566729558,2.04741912302491,2.15960840943559,2.16693624293825
"46",1.486639397072,1.54187884607929,1.54775959261679,1.59928769639408,1.62746137639024,1.63281429077585,1.64535275362163,1.6031267433041,1.60503425648926,1.31711188905593,1.54396682424569,1.51653851952134,1.49214622336474,1.60223057989311,1.31317282546984,1.73279189210814,1.78188758078032,1.82255423532583,1.85704422638834,1.8753285416162,1.90600430836766,1.92996175320816,1.9864416272148,2.00007350289987,2.3143374750376,2.09537569334418,2.14449963223005,2.1689819416711,2.06642422010011,2.36215733192056
"47",1.47283234564652,1.52486429769477,1.57142484709467,1.59748576090813,1.61530060455833,1.59638160245469,1.62678637088454,1.59341736357532,1.60852847727027,1.6234236676608,1.55959678052382,1.57306540270433,1.54908264430781,1.54425315473108,1.52486487156482,1.71743235723584,1.77446359172102,1.82641377113184,1.86283435546692,1.89371295723326,1.93156560454371,1.93360686704819,1.98775090259857,2.00230664439533,2.00388357937848,2.08338121515659,2.0835838968214,2.10956912513589,2.12305833842769,2.15246842307418
"48",1.4717983018126,1.54078588062627,1.56921629818731,1.60495590312748,1.60805853094903,1.63297443392844,1.62992209028093,1.62813209859073,1.5297435131903,1.59624385318357,1.57104131171002,1.58900570817344,1.4353033854933,1.56643158360595,1.58338309210674,1.71552461523704,1.78376849647814,1.8275201486564,1.8504531325222,1.89551247723831,1.90769084101538,1.94564162065705,1.96055976416322,2.08383405014587,2.03328916575067,2.07587001655061,2.06629924650227,2.2263023764865,2.10803298154363,2.09933369254301
"49",1.47266650096684,1.54250640773158,1.57267565463818,1.59178401903701,1.61678682066836,1.64509246587693,1.63695292337028,1.653227889788,1.56697203849065,1.53744378617588,1.56474905015661,1.34743841748254,1.63673070823783,1.27413918751021,1.54278412156614,1.70502452688279,1.78808023991814,1.81757083159303,1.85757038993931,1.88054588331157,1.90344292322585,1.93872776476832,1.94183333677996,2.04905425757303,2.08609840210188,2.08270871181917,2.31004772935759,2.02404206550052,2.3967404316249,2.12994671658338
"50",1.48235087836078,1.52787529162905,1.56332994582974,1.59528137002759,1.61527516935022,1.63587742016094,1.61120341802524,1.61116209525657,1.65997206495336,1.59986407076969,1.47128457903435,1.4465372349665,1.48331275931524,1.47066261808218,1.37427781870982,1.72696938153888,1.77891131749078,1.82926249359349,1.86155728736558,1.89107495706119,1.89973657804384,1.96180251888003,1.97152616948398,1.95584742433005,2.02817562224295,2.16927522164399,2.20950898070993,2.18261934163768,2.20106943281984,2.30386967345383
"51",1.48348900146332,1.54291302722853,1.56337778842062,1.58691128784048,1.61070475877184,1.63065171567782,1.61926488481842,1.64957621714476,1.63664097911732,1.61111889140974,1.53598318459399,1.46359897077338,1.59946118589001,1.53542645935962,1.19948987206836,1.72411529141681,1.7793127483288,1.82753791632064,1.85618011332884,1.90038866637954,1.90749147866026,1.94144697310398,1.95203631726037,1.97769078779157,2.02521310074917,2.10326332495505,2.19393383208614,2.05058116039852,2.13628981797304,2.47855864686886
"52",1.47451092252213,1.52816918387707,1.56943912755894,1.59299438914171,1.61466648394511,1.62455281859768,1.64097129206409,1.62503797880433,1.63116884240341,1.57195304423472,1.47002481700755,1.49050880980008,1.42026750183284,1.48513871064719,1.38540738616614,1.71163032937666,1.78193753039812,1.82510546098595,1.85840953376088,1.88571570367913,1.9189561339952,1.92151838085319,1.96850133156443,1.97341202534353,2.05989707940677,2.16752307026957,2.15625775531424,2.24922937046434,2.19045288182823,2.29148586851245
"53",1.47499710294283,1.52178194701012,1.5720756212656,1.600650747346,1.59701569185376,1.61311010083068,1.59904184432454,1.62136747036299,1.6082475750244,1.56372944327252,1.55661035272376,1.47134315813168,1.52137207817805,1.51822690637261,1.2899193318883,1.72382471617481,1.77829718649529,1.82059916676023,1.86192691230366,1.88608978734762,1.92171399506931,1.97711412155493,1.965701607582,2.01033307536746,2.06006921491415,2.090101006739,2.18314735577444,2.14140201845097,2.15357236443087,2.39269594632627
"54",1.47081318196351,1.52628975080395,1.57541705820483,1.60409571690045,1.60759493545985,1.63430877022871,1.6284021048335,1.63061784846023,1.62893155252468,1.63239455969011,1.57034118575512,1.37020295058623,1.4319798454173,1.59439493132627,1.45655004580862,1.71721188823895,1.7834130299158,1.813406345277,1.85485934331879,1.88908329973779,1.89686119768679,1.95256997048016,1.96156338489474,1.97999498485046,1.99946978346053,2.06724829496057,2.28364413643633,2.23334820998105,2.07927172110975,2.21752290085155
"55",1.47884102958276,1.53021179540425,1.57632657666584,1.59700787213478,1.6254043540347,1.62606030881529,1.61902131852396,1.62164632232043,1.58751491064971,1.59841455170273,1.58861205011499,1.6203389669718,1.64558286548683,1.36919626014234,1.61095844364078,1.7185636885419,1.77503612208515,1.82722559169827,1.86016763838916,1.88662531041619,1.9095815951778,1.95556553496142,1.97999455012056,2.02984031039239,2.03670817769573,2.04676063982741,2.04367510453251,2.02275421240895,2.30619621380219,2.06615261418815
"56",1.48304964509701,1.54007909481437,1.57356279474728,1.60590862536199,1.6087393963776,1.62870970536077,1.6329963493614,1.61091390917526,1.58644626811228,1.58976352042504,1.59687215266494,1.01160817503768,1.45178202826915,1.55031664858535,1.60836076431934,1.71682583276511,1.78109111304095,1.82616736181968,1.86073798558735,1.89321370248295,1.91861075451441,1.9397755026077,1.9890221990386,2.01959389223646,2.03316055637851,2.04515760374651,2.64270036482845,2.20757701005928,2.11704355531908,2.06860963536443
"57",1.47738373109145,1.53620771851436,1.57765529322528,1.59127387041042,1.61263456791914,1.61981776084841,1.6107836120024,1.61785541537043,1.66054602299615,1.52384081416276,1.58982923176009,1.57883266324793,1.61065772255132,1.4198974442474,1.4730665327527,1.71758109663502,1.77351500102928,1.82770697283574,1.86764204554668,1.88477828510965,1.91888790875323,1.95582537106768,1.98025049540805,1.95476780923017,2.09951047539985,2.06668919288847,2.07578387350148,2.04853302927313,2.25299678098208,2.2027724542179
"58",1.48672335699911,1.53914415178113,1.56830965011488,1.59044632248659,1.62321867765723,1.62466408785822,1.61799224656167,1.58721830254586,1.57334905774562,1.6010180121029,1.61558397425063,1.52972946851605,1.61944870585832,1.59197104093806,1.52874193798502,1.72810178012721,1.78840849437721,1.81707228679839,1.84674221025038,1.88255946445111,1.90810297920558,1.95474545833008,2.00583592126645,2.03528851248499,2.035693429759,2.02680307280677,2.12587956325233,2.04415349969386,2.08401492410273,2.14225652595289
"59",1.4745935257577,1.53004822715527,1.56781190026574,1.5938864056262,1.6146054592083,1.61529550944004,1.61453668535607,1.57657669255959,1.61276820851144,1.55578918874939,1.54486881073135,1.62116318127076,1.58573606052316,1.3525607937439,1.46810692862891,1.7115651898114,1.78646985056007,1.83497928909273,1.8614802586275,1.8756612935168,1.9111688530613,1.94553229025626,2.01801555481602,2.00837077080291,2.08735686268952,2.08932195710647,2.03749575988086,2.06637688008078,2.31992823486988,2.20971322921477
"60",1.48333916186604,1.51996781944328,1.56617565683573,1.59631183584709,1.61100145710765,1.6403256123745,1.61853876823293,1.63284681825725,1.64185981836129,1.61019134462439,1.61861749494217,1.51211084548728,1.58329063994331,1.58237757889115,0.913911332607708,1.72002547959431,1.76806006944795,1.81433863275981,1.85346558391573,1.89640895847397,1.9102313723839,1.94490207897995,1.9578248741208,1.96176579017908,2.01689180030196,2.02200260230951,2.14317024465234,2.08030435897272,2.09469187006145,2.7637399664928
"61",1.47212878043632,1.54405011848506,1.56871746983604,1.59969300143102,1.61714347467857,1.62241365294567,1.62062819917185,1.6267796314083,1.58204571523667,1.59658664595579,1.60129588309248,1.52704990896435,1.5715751556227,1.56383615041642,1.58367646529025,1.72062472711835,1.77891803793214,1.81627856170387,1.85967004527784,1.8799131620744,1.91860445605138,1.94227372587062,1.96432052045677,2.03021219794228,2.0386948843853,2.04128921318407,2.13112128921727,2.08788620027894,2.10330389143087,2.10267793183304
"62",1.47812092855919,1.5199705481534,1.57521475482056,1.60296685963729,1.61047979598029,1.62180835315979,1.63194150284533,1.64671056594397,1.61419398289029,1.63637297359112,1.63102006369759,1.64312339365886,1.54223007307456,1.08477839368869,1.552091692235,1.72472645793741,1.77391212696679,1.82815338853846,1.85534202461818,1.88375816003153,1.92096805053459,1.92887030741241,1.94648492378547,1.99625715814431,1.9986031357279,2.01567266613521,2.01081861637245,2.12056439183508,2.59125423996405,2.12047179314174
"63",1.48204460908944,1.52960116235416,1.56462793883542,1.59866550872253,1.61088877837131,1.61666535614583,1.62671039161586,1.30770106964307,1.62628040012985,1.60633937726526,1.60688292916259,1.48962786647815,1.55613707197084,1.25120499156802,1.47074651712971,1.72028228946775,1.78506731974091,1.830450878763,1.86442716731825,1.90046644392932,1.92336004574666,1.94346355491051,2.28666261994614,1.98329746986428,2.01991883038107,2.03443943458697,2.16900359842845,2.1071561754295,2.41505628533473,2.2081838436365
"64",1.46942986277673,1.54700306993873,1.57785852530152,1.60490063109089,1.6225037006412,1.61312145549126,1.62417101897107,1.64507620443836,1.62095006587598,1.65275891252234,1.63198759877096,1.62646673450609,0.957529239592948,1.48406942467892,1.63507402721929,1.71518304561935,1.78844681976705,1.82082593260974,1.85183305731625,1.88585920269407,1.92629582139276,1.93638602369666,1.94422264070868,1.99567494548484,1.98166350545934,2.01190358796859,2.02719852827413,2.70907967244588,2.18543545144862,2.04395895294074
"65",1.47694707621271,1.53613337854443,1.57282002895475,1.59668870430369,1.60970971165416,1.62157303210549,1.63704695078007,1.58567548019919,1.64033537727735,1.62626549551497,1.6246237308665,1.4911052849965,1.5984296542613,1.48530536957438,1.46517992449064,1.7197490338988,1.77677639077555,1.82585555313347,1.86218550756046,1.89304983707485,1.91326191816087,1.93202811521163,2.01073355813147,1.97915334531413,2.00961437478941,2.02042008281522,2.1614364255929,2.06937665386702,2.1832091078821,2.2175921704842
"66",1.47975280294742,1.52036556728774,1.57709940835045,1.58625367811577,1.62609753302515,1.61296214588796,1.60990551766535,1.59808954611445,1.62979096294268,1.61020550445359,1.62824310198936,1.52495327003991,1.578573566661,1.65618609110843,1.53582860197278,1.71791905844859,1.7753618037457,1.81838325677994,1.85126692363679,1.8707517997121,1.91992876498548,1.95456641801176,1.98750556565568,1.98747893104832,2.0219992111526,2.02208097176597,2.12507432712145,2.08221332902945,2.01328985821309,2.1370817142468
"67",1.46660996464665,1.54070668293454,1.56910760540783,1.58483621835294,1.6333314427658,1.62340378803963,1.63878242637654,1.62893186199083,1.61905629970352,1.60999011195157,1.56319277191835,1.60914535214829,1.01847714576169,1.45399149953565,1.52558257574714,1.71991447336394,1.77405337640873,1.82239096766251,1.85543323142053,1.88612266152655,1.91446809064187,1.93598788819949,1.95968292294072,1.99244211095531,2.01633957710097,2.07374203281789,2.04720687866348,2.64210594200557,2.21620737191522,2.15229359889581
"68",1.47629184910221,1.53447714645787,1.57020476169272,1.58832105383222,1.60576445700909,1.62753952984693,1.63482019065409,1.63464888487081,1.59906782810171,1.60681825935204,1.47304964246548,1.64301951858568,1.63750406270362,1.49881469245881,1.3943261424234,1.72395925088832,1.79166959931124,1.8179605123603,1.86715300597862,1.88850316805765,1.90752949208493,1.92744692662523,1.96408431749668,2.02646152054039,2.01606649354419,2.17394858208903,2.0088004882023,2.02231722303545,2.17729299039187,2.28620284689101
"69",1.49141160864563,1.53777530514081,1.58224211115781,1.59411078271748,1.60049580560094,1.61752152825718,1.60169081596743,1.49037930621218,1.62032250438417,1.58895017364547,1.57797310446293,1.55395522146221,1.57743354970346,1.37081894780135,1.5539131195164,1.7265443025409,1.77749546127877,1.82137187206335,1.87172300077377,1.90062393239966,1.91529068621286,1.96773179497807,2.10305183938774,1.9912507979521,2.04340608932149,2.07547541924424,2.10486565430439,2.09003725052845,2.3001119625408,2.122289523259
"70",1.47573331129579,1.53821091052484,1.58674496931263,1.59485504417179,1.6161824289141,1.627049560005,1.63611661420092,1.60293163388571,1.64925562164892,1.59768257476386,1.60943003970788,1.59632479013239,1.39348732017802,1.33954221203266,1.55119820327788,1.71355602748303,1.77637034845706,1.82236220767769,1.85487066349737,1.88122940230769,1.91424811691219,1.93235442981057,1.99635925272398,1.96669205717023,2.02434021380657,2.03849371419025,2.05520280353382,2.27699658677112,2.32872356955212,2.11939721307981
"71",1.49550474764065,1.53317255146118,1.56294661708915,1.58667386224941,1.60894605062427,1.62693331484227,1.63225594556379,1.64186003604224,1.62038551876983,1.60599077903237,1.56670149191913,1.5188832755691,1.51040487818376,1.59199120566648,1.46919551669212,1.73197785491412,1.77056365416036,1.8176187786591,1.86035223041701,1.88914816438772,1.90629537623081,1.94556196101671,1.94803800833506,1.99682172189367,2.03966894975384,2.07828587725241,2.13763687045119,2.15446615734577,2.07370179950052,2.20719353616567
"72",1.48072633503374,1.52714987757297,1.5684995004038,1.59360054458217,1.60542101503185,1.63001881092811,1.62459976617894,1.64515222248249,1.62460250952308,1.58217536466743,1.5401383682979,1.53981979062604,1.36799289447854,1.59602578232611,1.45926952109115,1.7200422376325,1.78005145442084,1.82486471932187,1.85583348768525,1.90274946479878,1.90837025877871,1.95144209748372,1.95024268072337,1.99531042150206,2.05836944479932,2.11331542070795,2.12217426297183,2.29593578535102,2.07039296959562,2.21865756963802
"73",1.48126840544998,1.53175717300769,1.57589171769825,1.5946543428319,1.59055895638777,1.61826125364465,1.62605262730027,1.58908469609195,1.58021621214104,1.56185960393551,1.5368970973113,0.898965704099486,1.59039315629169,1.31631895590365,1.32262122715388,1.71716899039545,1.77846645677941,1.82357380883634,1.85588528647665,1.91292257384382,1.92718139808667,1.95700462555352,2.01047952690025,2.02983089856763,2.06578346359107,2.10204366378229,2.75228972618403,2.06454910559277,2.36012426187926,2.35613421494419
"74",1.47551772126413,1.53146997923702,1.57320684531928,1.60082870246215,1.62176806181908,1.62882930775002,1.64272678806337,1.64089748832006,1.57827367604703,1.57397782605025,1.50348056571484,1.47907364488671,1.55726926773879,1.48177950431734,1.43506776208282,1.71493358208585,1.77807418714343,1.81733748041945,1.85080366654151,1.88553437388055,1.90476164214742,1.93248061338515,1.95489741013188,2.03172934804462,2.05900114919458,2.1398196145599,2.17955469735052,2.11051320427071,2.19171755893685,2.24676098217514
"75",1.47835997079114,1.53466498964415,1.57177786460972,1.59937162517058,1.61357873904766,1.63909662980091,1.63003360020415,1.62800610196749,1.62677279378041,1.57870574507755,1.60057633356678,1.49271117037566,1.52184423968279,1.03582828418313,1.16652432821768,1.71769451135802,1.7744419805194,1.82311630470922,1.87460654273285,1.88570921170234,1.9159337307983,1.94699525131455,1.96097309754026,1.98534548248371,2.06038742243457,2.03606143958583,2.17152808149066,2.13756436368421,2.64614598307094,2.513371493861
"76",1.46367498764353,1.53854148359212,1.58293935983394,1.60620750183536,1.61161638740885,1.60590245657506,1.62943229999647,1.6412510880806,1.62021227984742,1.63437922513188,1.4971595817537,1.25858683231906,1.44185953140363,1.39379362123146,1.54582899851342,1.72313032044939,1.7901672352601,1.81616676103319,1.8624909837894,1.88886665727621,1.92372716116718,1.93830733756813,1.94924594435461,1.9918825070828,1.99205982626663,2.15208084804145,2.38436556553125,2.2220277601328,2.27747538895978,2.13389767096906
"77",1.47542440243708,1.53302499784454,1.58037452282004,1.61135415303746,1.60960299428818,1.62766547014154,1.61572323718296,1.63794830077631,1.64716777193587,1.54126728264815,1.57071137708264,1.41264560787405,1.5334542370122,1.53295017717787,1.61695468014316,1.72752892834728,1.77489531036371,1.8233388097794,1.85514778404356,1.88971412436038,1.91203999143436,1.95434961894307,1.96498942807206,1.96580703770736,2.09516441231217,2.07190654996181,2.2343759852495,2.12930238719812,2.13482143746457,2.06282112709049
"78",1.47956599336936,1.53087867769385,1.5736248250625,1.59865374229372,1.61203840941013,1.61843193236437,1.52404593504857,1.62277764220631,1.57467443988357,1.58526923443437,1.57161843477361,1.52289775087429,1.56558923712074,1.48414479859586,1.57648776257133,1.72686109401828,1.77752732485124,1.82475927186002,1.84969179152518,1.89294765244389,1.91645303969646,2.03756832411005,1.98207968867089,2.03917112870025,2.05690053554636,2.06330365780927,2.14124072080909,2.09594134405435,2.18644034768259,2.09878249885463
"79",1.4790285067186,1.54162400292316,1.57016592931552,1.60658392289914,1.60888513392151,1.6362224174977,1.64434727160388,1.66366193726939,1.55802126052936,1.62645715431793,1.58740003545555,1.61949164258609,1.42414350428317,1.33610308205755,1.56139124447899,1.71895027172011,1.78334826416819,1.82733943640125,1.85187475182338,1.88783626200313,1.90427942536005,1.92583191441606,1.93470682927739,2.04852842697549,2.00366486940458,2.05055505967011,2.03835040214596,2.24571822098978,2.32947354840414,2.1076877096415
"80",1.47901974838417,1.53993286515181,1.57339246301798,1.59878440573962,1.60110946355219,1.63246474492992,1.62873354637955,1.63230936633787,1.58647669148598,1.61214566807724,1.54088693331564,1.45610739218047,1.52401619016826,1.55955063612976,1.62533593085617,1.72172916934954,1.77959493820355,1.82949346673456,1.85753566959446,1.89600129981398,1.90988751596679,1.94953237791205,1.96135507150054,2.02821075259542,2.01660212025367,2.10236082416908,2.20865009718576,2.1400043778949,2.11675755523295,2.04764519665125
"81",1.49564227788641,1.53769445229156,1.56221825527698,1.60305157174131,1.61966162184262,1.61120307844796,1.63576880031066,1.55116747093006,1.64030346054701,1.52476717611224,1.51986536842925,1.568585317444,1.55251584678127,1.63882236285785,1.16502532441957,1.72761769847263,1.78146269620979,1.82063593825802,1.85061732756035,1.88936677858549,1.91939576641722,1.94266787398564,2.03389954245326,1.98046791179374,2.09313784986766,2.13528888927157,2.08219706338151,2.11116813993844,2.02868980312698,2.51651552570154
"82",1.48029378039411,1.53162797496259,1.5652813021098,1.5913371608448,1.61085059666874,1.62834460018579,1.62666949328017,1.63598675079874,1.65460667614782,1.56493562901026,1.39484952227868,1.58043069051414,1.60455698947729,1.36178997900196,1.43445186408171,1.72248599198443,1.7762617293405,1.81976266401396,1.8594243468505,1.89529222899359,1.90575241177479,1.94638894032259,1.96575066235945,1.96216788497661,2.07021718478637,2.25717135852023,2.07532945303932,2.06002585703605,2.31140532606014,2.24724615128576
"83",1.47927081206396,1.53290031952818,1.57490869759277,1.58246483048319,1.6197900012918,1.64062539920508,1.62023073609865,1.63153906469473,1.4778689621473,1.63065605818355,1.62779281844298,1.34112706547186,1.16214339561919,1.50961980655729,1.51556111269925,1.73145831094006,1.7807030948142,1.82460969894051,1.86355050814817,1.88436016701582,1.90669091987631,1.94631302615512,1.96939177737076,2.14225997577855,1.99725896853658,2.01998371254555,2.30958158229699,2.50547306505395,2.15768151533175,2.17263360193384
"84",1.48020046093768,1.52708879012438,1.55954959588274,1.60510807632838,1.60875660225751,1.61968585678059,1.63016302565089,1.62574758837869,1.61918619202874,1.5020710014184,1.57389834140165,1.45036849363913,1.6422135284822,1.24382026668727,1.39169762920281,1.7260156427734,1.77293225082152,1.81950206608779,1.8589403592155,1.88867330399273,1.90793376015782,1.93960734105852,1.96253557659263,1.9889573692031,2.1239120589366,2.06531018071537,2.19989866050805,2.01675936493701,2.4228456667062,2.2835026300071
"85",1.48278965758157,1.54558996056323,1.57493337773171,1.60252306731158,1.61366826104093,1.61273462227282,1.63525426950268,1.64156092558702,1.45994759616674,1.62012783966689,1.52598907301076,1.59780979232398,1.51367900503879,1.63803395421369,1.58198702756574,1.73155847325994,1.77904770779276,1.81605325358608,1.85887288081,1.89072743905816,1.91854349194147,1.9444100958806,1.94560814497181,2.15760938178146,2.01740061176849,2.1258978547305,2.06221241263012,2.1548427143202,2.03455128309493,2.09808043465457
"86",1.48606523436505,1.53666070708941,1.57813632870589,1.58536014576201,1.61107943987405,1.6179217306641,1.63198791467396,1.59531055434286,1.63158956293843,1.55028974356578,1.6380168643364,1.59690100376226,1.53058896258922,1.49933867527203,1.37391470899547,1.7238726629362,1.77604456900868,1.83646289227143,1.85350494697853,1.89981395025585,1.92642232293899,1.93620182639386,2.01248309710081,1.99099357313568,2.07857414432796,2.01072893259014,2.06148318377929,2.13265019113367,2.17275519107716,2.29294945498244
"87",1.47629363763781,1.5334635790604,1.57173649986778,1.60588646750325,1.59217479537569,1.62267745661847,1.63828969346692,1.55808403660576,1.63433548585116,1.62425388228035,1.63331564664058,1.57252883627093,1.66530122712653,1.61951098433054,1.57822754917176,1.71932821944409,1.77687426267253,1.82037215504665,1.8530618163844,1.90725529887009,1.91627585288273,1.92961960308877,2.04251089828713,1.98768905630732,1.99607038987468,2.010485545662,2.07979222120555,1.9891283996896,2.05215915034954,2.10042675707801
"88",1.47543856772718,1.5284965281143,1.58341404410744,1.60107694210916,1.61889049650856,1.63299699252054,1.62543629095779,1.62126598310848,1.63082652664386,1.60263591679558,1.55209529117081,1.24444877773335,1.36339450078809,1.61777639709084,1.51229262714724,1.71467088449386,1.7812945977144,1.82092783107789,1.85645069223032,1.89158870477968,1.90388624204511,1.93619033453772,1.96764789134529,1.97942792396031,2.02730136423641,2.09173768339981,2.41061415879938,2.29946994955235,2.05316823296077,2.16487245338327
"89",1.47131814235131,1.53871596327188,1.5739000331579,1.58580141035332,1.61140170959912,1.62704817283291,1.64469634776746,1.63075995567805,1.61790067530777,1.59183878600809,1.49116508864064,1.49864388118356,1.66589722022766,1.45168924291981,1.36569618780001,1.71818151477772,1.78951833617316,1.81433976226687,1.85249673651995,1.90255329707889,1.90689873205818,1.92918047988368,1.96774833952963,1.9970903416904,2.03910941151671,2.1549949110039,2.15212875569422,1.99484502519977,2.22388563927378,2.30986450198316
"90",1.4714143093949,1.51555140618871,1.57305980215548,1.58867570705423,1.6108672366922,1.6158463003499,1.61799541993151,1.6325572302833,1.61431363668398,1.5584547472413,1.5233904508678,1.51350032072279,1.24679703142273,1.57833266461885,1.49866155454386,1.72229474217556,1.77708018271667,1.8263992605206,1.86011849961389,1.89822868859714,1.92003282722204,1.9622196510987,1.95553750850754,1.99760768638084,2.06986666738675,2.12434202219233,2.14847264645655,2.41292799290074,2.08738239192073,2.17543338670726
"91",1.47821789655237,1.53061594106614,1.57342367715378,1.60891159026674,1.60736370275122,1.61155785566883,1.64087893754071,1.45072480632338,1.57478100143404,1.63949142356017,1.62331541795073,1.63831210509109,1.46888002015455,1.47634365117449,1.33155969963547,1.71650445587331,1.77261658262778,1.82577236586519,1.85165718846677,1.895974419785,1.91663562632019,1.93031540252831,2.14142489508717,2.02864664194615,1.97482683228127,2.02877434149377,2.01033503421701,2.19219149593316,2.19558510475699,2.34066388608344
"92",1.47286784317133,1.5196815942004,1.56800742276159,1.58120152311691,1.6133086402683,1.62013197641857,1.63977208060145,1.64730839693448,1.64586778477847,1.58454936210946,1.50532378975357,1.61884087934292,1.00805229584835,1.56030572655701,1.29940853324229,1.71940262339388,1.78313528612843,1.82254089755237,1.87081398371773,1.88701143103627,1.91935323385263,1.92248688658378,1.94787276494623,1.97228600897844,2.04588851507097,2.1435290434012,2.02952247958564,2.65669210395956,2.11741205392508,2.3820309788175
"93",1.46835082580117,1.53838002656472,1.56847550707501,1.59386713929907,1.61493240784176,1.61497014413383,1.61587938529063,1.62411373718473,1.64096011691462,1.63050592751438,1.56873862257641,1.57973093981984,1.51624389832431,1.50035156458392,1.14233460508814,1.71623886306881,1.779830524266,1.81751107146528,1.85488552957071,1.88333641463242,1.91783482151944,1.94956187135097,1.96884300099889,1.98005650476613,2.0001643577216,2.07206768454516,2.08321717011407,2.15149197281302,2.16033429824342,2.52841767801458
"94",1.47672509903463,1.53041924407838,1.57271077728575,1.59763778552194,1.62500744644433,1.60952329764369,1.65304645238235,1.62368815056328,1.6252968938295,1.6177252080822,1.38535660015578,0.900912867553694,1.50217649542105,1.53171923351197,1.44560591018917,1.72120782924313,1.78689705098169,1.81581789957784,1.85755908147989,1.88347517410097,1.92679572231123,1.92113131838845,1.98251894912421,1.99440696463069,2.00633743466415,2.26261501511025,2.74601154331053,2.15516918386364,2.13610173443327,2.22528319934772
"95",1.48230635457366,1.52496905594942,1.57537541663748,1.60618886415525,1.60104045132065,1.60587655453777,1.6260134080472,1.63173199973752,1.60731890741083,1.61657228704817,1.62941257642667,1.52855551345017,1.46662841866553,1.49630944802491,1.43284703981354,1.71815889586833,1.77801006544347,1.82034134192746,1.86003932411646,1.89642986819321,1.93836541989895,1.95482244155104,1.96380492871684,2.00864946863817,2.01201689420884,2.01327649888127,2.13197076733233,2.20008252139626,2.1732366534294,2.24558449698949
"96",1.47958220314938,1.53729562908604,1.57521693673418,1.58943315175672,1.62656181500139,1.59238224232924,1.60590262511577,1.60562490820647,1.62555257167374,1.60846382996542,1.49583661965999,1.55772910395041,1.60247757988626,1.60810815805965,-0.836945827317396,1.73431262146869,1.77268165200476,1.82082935236535,1.86297849594854,1.88298790368979,1.95273510290442,1.9670665776465,1.9862755612157,1.98095565048408,2.02196910459163,2.14133612369827,2.10213951184753,2.06575526700689,2.06107549297231,4.51238588374519
"97",1.49098203901942,1.5347335422614,1.56605326205059,1.60511592397785,1.60280891964321,1.63419017121885,1.63214593245103,1.57809991594875,1.64220011463105,1.55090947278166,1.61163046813503,1.19985844501229,1.51292693920953,1.59366018651135,1.28721207175944,1.72246183793646,1.78116941883599,1.81724438725393,1.85157876745301,1.89292080902944,1.90571503729811,1.93984636776673,2.02108309496657,1.97544640333514,2.08620491385977,2.03247807400725,2.45718403351398,2.14797722314228,2.07901971418368,2.39499020234648
"98",1.47717603771593,1.53687575338331,1.56973503221993,1.60197799168775,1.63017079999825,1.6205662036214,1.64683059994701,1.58582729541051,1.56957258509385,1.31325746172441,1.63580947093991,1.60193768397801,1.57637499129419,1.51795837643684,1.56483501272581,1.72298251041847,1.77703569897111,1.81926531228587,1.86293194403878,1.87899870986855,1.91441897426272,1.93047896521924,2.00948872330515,2.04494771585771,2.31988671670814,2.01109421274186,2.05067677658637,2.08919760091768,2.14919387141205,2.11776947112889
"99",1.49497230664892,1.53629506152531,1.57034223028341,1.58644025595055,1.61256378664017,1.62704343172965,1.62574476944254,1.57314297083757,1.65458965357927,1.64374903987164,1.5854985780145,1.45199185522641,1.50030134800638,1.42858637543141,1.41697040084281,1.73512425304269,1.77817281980132,1.8289533163136,1.85785023075473,1.88918738313102,1.90597220693679,1.94148882339314,2.02073426281284,1.96514938308039,1.98941661047065,2.05444260856503,2.20349778577814,2.16227174569841,2.24791490315231,2.26200017559715
"100",1.49574245312195,1.54371044471403,1.56921819805909,1.58717129281733,1.63415269477166,1.63277646518248,1.60338763658461,1.61757312313623,1.64030374351852,1.63413512213068,1.65560061658673,1.45198969892777,1.21188469488285,1.58957521745547,1.57036391678046,1.7241614817699,1.78607681742718,1.82898183152908,1.85586693189817,1.87990577225268,1.90650771909055,1.96201288137703,1.97439429521259,1.96887214150162,1.99099978425832,1.99546607720875,2.20224156776234,2.45729751936796,2.08045259647788,2.10351661772808
