"","V1","V2","V3","V4","V5","V6","V7","V8","V9","V10","V11","V12","V13","V14","V15"
"1",1.99438703719314,1.90951220840687,2.07753955823391,1.88442346990031,2.00245140488966,1.95247793591198,1.98541810178978,1.95890770331817,2.05482886347216,2.28489385933032,1.87420479080853,2.31471847521593,2.15567907452096,1.43700676963374,2.12927554203145
"2",1.84630289702116,1.95657158927165,2.09030262494563,1.99044077849558,1.94567566537814,1.97592690460692,2.0177295751461,1.95323273384724,2.17615847889346,1.66824940085752,2.00981290644739,1.85312741307792,2.03316297202544,2.14755094969338,0.147401358947475
"3",1.93747805787008,2.00825986828471,1.91317128201502,1.91429284703755,2.06567424820287,2.00953581581484,1.86272493374386,1.97432669327508,1.90427096314518,2.01034378189803,1.95614909625367,2.12349449792574,1.67663016464919,1.6506183511663,2.14962000947983
"4",2.02458882994862,1.97258679185464,2.0718479775282,1.92114647331106,1.98596748388342,1.93551545549248,1.95308187840398,2.02471912691183,1.86989022442297,1.67000966827648,2.06927625813426,2.16680274427568,1.76892100729797,1.1480172709791,1.98929473542753
"5",1.9824639711833,1.98184650261882,1.93540198023549,2.00155040019908,1.97273490138006,1.99575929433937,2.00171792178327,2.06705282211559,1.94567503229634,2.0379542792944,1.94638187699243,1.90542705929207,1.95586276317299,1.86802124800363,2.29543594234549
"6",2.00957891407614,1.93483544670129,2.09307972951934,1.93048655441271,1.99339344071104,1.99264302020148,2.03765818335502,2.06600058213352,2.04629332213854,1.83677460304799,1.91550011513797,1.87054018336491,2.16945480727319,1.92706096277652,1.88689360481467
"7",1.95075568274068,2.03505671569708,2.01657040319453,1.9871634683865,1.94854140709426,1.90126099102765,2.0691401438108,1.92007038281543,1.96758464807718,1.83712901250317,1.75683937615277,1.52108947875185,2.18127499692925,1.76996413230198,1.77852909721856
"8",1.94684456352799,1.98221352459208,1.99014021911726,1.7977869046248,1.93678100876339,2.01114389693538,2.0163519622775,2.06055731866874,2.07348016389464,1.88084091012233,1.96501532974471,1.75003732677071,2.10139760990315,1.6654979933072,2.24731891685073
"9",1.95321298705091,2.04557504646223,1.88245148076828,2.09382965873225,1.98319601770354,2.02054544306301,1.90717648603782,2.02491088023529,2.1389774100166,1.96498176575948,2.048245421698,1.91071886043744,2.39764333835379,1.67463348972407,2.01855054310902
"10",1.9560932449596,1.96172386327821,2.03085607938881,1.87062574687457,1.91863712290524,1.91045353151894,2.09499227097082,2.11287139311345,1.84841316695066,1.97381140162834,1.95325196654616,2.17840976476429,1.81246244130556,2.136400369796,1.73225596927918
"11",1.92884025068103,2.03783667581655,1.987113755585,2.05027393519376,1.96334592551316,1.87382704695857,1.93561675000278,2.03831456979659,1.96969081578131,1.84384709184019,1.96108406376671,1.97575219006973,1.75763341258867,1.98887881379551,-0.218760217701375
"12",1.9374104171673,1.96676679714085,1.88326578766549,1.98797352450125,2.08428843697449,2.02397233406142,2.03548783389256,1.99226726558701,1.911052019009,2.11639848586136,2.13334978619542,1.93290532010299,2.3755786582368,1.92625144119341,2.05423070963726
"13",1.87850755393952,1.92048396955131,1.97437086461215,1.92650046275448,2.02315147950448,1.78894140678032,1.87315900669734,2.00737956723405,1.87259887242668,2.14749813048499,1.97558604375174,1.92806281613624,2.28406856574605,1.75996135021612,1.97285646794205
"14",1.86914727762663,1.96999070575662,1.97762374066688,2.00916707580258,2.01615938668291,1.9580498844178,1.98252185727962,1.96155965030212,2.02975113354968,2.15388990139925,1.94159172777288,2.117526104493,1.90690196874256,1.94797865203084,1.37440627584724
"15",1.94231530516622,1.96803606693841,1.92756793799208,1.96199932729116,1.9138694200091,1.97578834119849,2.05445462027399,1.86224750712593,2.13850546823184,1.82139686228743,2.19037212866923,1.20040457226358,2.07734468721672,2.11910160498913,2.00716971194783
"16",1.96416422120921,1.92034158944004,1.97967865463343,1.95185177225695,1.96206871580997,1.90588399602366,1.81962347663912,2.06010958022409,2.03452936662358,1.96274985207687,2.08493345667139,1.83851750075972,2.31011832122671,1.86973919866892,1.95960463022571
"17",1.97371779017928,1.99423507054424,1.9504154918182,1.8889542609457,1.93426287612573,1.99990327157581,2.02149723098372,1.90601188834493,2.06800494517039,2.04421285340814,1.92335219214475,1.87960801196723,2.05221770441452,1.83591399844492,1.87791221105135
"18",1.97427858921432,1.91008504480327,2.03002397476489,2.00291521571219,1.97678191616417,1.95879098005155,1.95258211609532,1.91707525100011,1.87557233905728,2.02078169235003,1.34606334010104,1.84323970888742,2.078075378916,1.99407985508031,1.82455009116713
"19",1.98396717903061,1.91354055872945,1.92206847323101,1.93784792694956,1.97919034752891,2.00424832976022,2.03631785333892,1.97152971052697,2.01205722663521,1.94394087354432,1.82268798217507,2.22497482168048,2.10991945808847,1.75895895501177,1.80490076001585
"20",1.97459684248215,1.91680370407014,1.96907945846514,1.94314756623802,1.96776463090509,1.91572075803751,2.06747406026712,2.04849397441561,2.11740573714758,1.92872538813308,1.89725206087196,1.90285232658529,1.85440101957382,2.0354627397499,1.67423363781762
"21",1.94609754112216,1.95770078936422,1.90222688405059,2.0481156394364,1.98133246524476,1.92602467644295,1.91377939879402,1.8637963807559,1.91027020802724,1.89974747173404,2.16549940988873,1.86620480480206,1.9087336118264,2.33985745781917,1.96278280048973
"22",2.16202886150819,1.94304221471622,1.90394783811468,2.01753105820993,2.03811641048703,2.03670795818142,2.07996827112937,2.04703267839927,1.95785626181386,2.0266032037468,1.89424395972826,2.06351630777461,2.0565658690854,2.06541496873477,3.03697214914638
"23",1.91544442658591,1.96690386542101,2.07245712673671,1.94242999465303,1.97938958272605,2.07462708653714,1.97077699702332,2.05334903462619,1.82489267741539,1.9869710775114,1.90957693137859,2.28007471246415,0.897040288943257,2.13865431891349,2.11798001797035
"24",1.97400041462888,1.9738009630161,1.89461910195417,1.98598018276554,1.95414855317342,2.01400897918513,1.89956487588988,1.93526366558015,1.95159100644137,1.81230506091214,2.03840930872704,1.981594829992,2.09671876143758,2.02918293020615,1.8833073130997
"25",1.95415159985789,1.94691094015826,1.95455455842469,1.9913320295166,2.01035507395574,2.06291575097758,2.0376731607001,1.94469127295956,1.99250284029766,1.93047977691272,2.02104515655288,2.25739872795724,1.94634436390581,1.44307718783836,1.93122269683412
"26",1.91497400019484,1.89751972289686,1.98897528868275,1.96920457144046,2.05212584765601,2.01447446532393,2.05344810082971,1.90295644491622,1.97528773047445,1.95913263884664,2.10607693161768,2.07846417751945,2.16996440015121,1.91301535871259,1.67863360765747
"27",1.92152799723039,2.07211125278459,1.95672567127165,2.09696973443223,1.99269901573349,1.98753040157468,2.07473523692015,1.95591559412881,2.00934044178606,2.13095007814926,2.03027431753566,2.41071129733673,1.89781978670755,1.99380351408019,1.94862067162786
"28",1.91991406511526,2.04119907359467,2.0375534687186,1.97366593955637,1.98708278946525,1.883299526005,1.80436371256027,2.01745022147636,2.08665078616472,1.90540511891904,1.9957042901852,1.97071693124808,1.99193957928003,2.11896193644893,1.96249964028855
"29",1.90713587657382,1.96190965967343,1.95435962655228,2.10312658534893,2.01877929077198,1.8472722697016,2.09204076847418,1.90712146673881,2.07034492398217,1.84575940116042,2.16332083514644,2.12523354576795,1.96305500122432,1.91906650804085,1.8464484474041
"30",1.95549409187602,2.0235745780524,1.95168743259316,1.96749214769822,1.88438639042826,1.981841550417,1.96588761927204,1.85425803521174,1.93327680469394,1.81875882673267,1.9728158458049,1.91965211524275,1.94079406768211,2.10526227391667,2.023633262457
"31",2.03791690437244,1.88101989088786,2.04147571179934,1.88265887534485,2.02486234534891,1.8306867623502,1.86504236250782,1.90287144972164,1.87564996451868,2.08514746555008,1.95542230831637,2.11823007188847,1.91474774449512,2.28526520983311,2.22602589079755
"32",1.91878084298089,1.9381502129639,1.96895585945231,1.95247454946101,1.95379797968567,2.02244501153297,1.96566849311975,1.96458706150797,1.98315681568167,1.8920737537509,2.3472280248664,2.06912070541125,2.00929223957975,1.92645799846588,2.03536865791801
"33",1.90863407143956,2.00937178047003,2.06308644587052,1.93531981880208,2.02679906375978,1.99846133389831,2.03140976837626,2.07314858376458,1.93333307906384,1.81673957279677,1.81219470899361,1.83070405159485,2.2239879008891,1.93937492364961,2.02912369121328
"34",1.92383140993866,1.953896972854,1.99358160203725,2.08280133023213,1.95537348625556,2.06089388517706,2.03727213181571,1.99952450491375,1.98525528785093,2.08069519352312,1.9449182820369,2.15305276576354,1.91419840292856,1.74690317319841,1.79637973660316
"35",1.92214670863859,2.09607689210104,1.95588522285147,1.99584815241897,1.94634571047443,2.00336316151932,1.90491717770402,2.04905567428803,2.03268307298129,1.89116906254542,1.99004378975964,1.86888710635026,2.16033432899707,2.17319815013647,1.87691290864879
"36",2.00660842924068,1.93633658015672,2.02163527362362,2.04519142184783,1.96396883289151,2.01093517262845,2.05998699487646,2.01339877886122,2.05738450572813,2.12388488241455,1.96067823430032,2.12992706428973,1.664907288678,1.28840306945271,1.96132774665653
"37",1.99013497198,2.0178872185492,2.01042817218155,2.03399268220752,2.04721826028716,2.03405625754727,1.90740477197675,1.85714673778677,1.97395499127822,1.9242491386363,1.91741067510782,2.11993304560563,1.84299211851722,2.21432244478433,2.30929155728572
"38",1.88640113187582,1.97900519648949,1.89439021590464,2.05239904800103,2.03794443103136,1.95120946203995,1.9224097782585,1.95653484616622,1.93680750684041,1.7864662679017,1.97402642615865,2.16062856096834,1.98885237225072,2.18981127400651,2.11927221000567
"39",1.95950066820447,1.96772808706312,1.93051088951474,2.05994222852299,1.95008716001838,1.97578087910196,1.9281013882644,2.08312945152368,1.9468062811374,1.94772859723024,1.97059217723528,2.05692922325285,1.8829615272169,2.18676598692607,2.05609335010461
"40",1.98767944829426,1.97340676825251,1.89845577545326,1.95558100630169,1.91223991982269,2.05031613203371,1.9352025394303,2.05124040734784,1.98090635037232,2.04125351081824,2.00101365581532,2.11552472726078,2.10726648790243,1.95272359441051,1.94510503630361
"41",1.96250827590158,2.10211661386419,1.92762737182433,2.04992418231119,1.97857005287264,2.07798836231934,1.96874005603367,1.97195705171484,1.92470231583124,1.90046190752869,2.03136427285721,1.7973271667157,1.72516331532845,1.79852134881796,1.73312029435021
"42",1.95150849861061,2.06209296342903,2.0030583021016,1.96942080350524,1.97438708162409,1.97459854731538,1.86886494837097,1.88445861010343,1.92770283043614,2.39096571511501,1.96538597524964,1.86842139411951,1.97789944095379,1.96956269136195,1.842370122122
"43",1.98442722725059,1.9386829805519,1.96343431874735,1.9648699838433,1.98858960420558,1.948933770081,1.89731463205936,2.00162185612663,1.89137112363922,1.92664447840749,1.9051522123931,1.8108447677582,1.92823292368643,2.08891625108574,2.83616044101263
"44",1.94235367535855,1.95987030292922,2.05262501657517,2.02815856430715,1.92524380328782,1.90788953453526,1.95852904480484,2.00761693762523,2.00653367946023,1.98067182387941,1.86012980805633,1.97426948789075,1.89583403396092,1.4842395897617,1.6709883922104
"45",2.07198759292528,2.05489184216877,2.05285079823928,1.91014566329872,1.93832594057105,1.99654803107673,1.95751298409801,2.03633281096954,2.06675655253038,1.80876600107528,1.79266868252925,2.05370053892341,2.04025224185626,3.68594065301757,1.78349291924468
"46",1.86101555134916,1.99438341523647,1.98827278798448,2.10391481097248,1.87335943839715,1.92483795230165,2.06439384326343,2.01771219078255,1.81850574775022,1.9771309945455,2.09496469655283,1.0124207021098,1.95486361977846,2.01087129784216,2.3081814280558
"47",1.97008861935301,1.96539466978415,2.04863621990227,2.04705110172767,2.0305502230686,1.90108373340573,1.96467699769173,1.9365533348234,2.26996082320678,1.97650272567643,1.92161663624288,2.02986196842549,1.93513968385388,2.19840592584486,1.9140363943415
"48",1.92352672825449,1.97721258424531,1.97734273852261,1.96661832751049,2.04651854943903,2.03483616202857,1.96982192129972,1.99781815642057,1.99986699287879,2.00466006191652,1.97382484375609,2.08992494714159,2.02947912267973,1.93525987831682,2.77551138641418
"49",2.02838906277023,1.92232570764068,2.10855561811741,2.10314906553496,1.99419088135001,2.0514771375035,1.83050400782246,1.90085114175294,2.0912652209808,1.96170184521567,1.88289934272951,2.00079500038738,1.38963724715088,1.90886802638156,1.94684718833557
"50",1.89353294795216,1.92790370072857,1.95690090883435,1.96438134149831,2.02927461615586,1.89766923068053,2.00272900463466,2.04826352753012,2.02675143327943,2.06521298557997,1.96134706953985,2.06713472345127,1.79162310498447,4.2032278516589,2.49736995924417
"51",1.96982810160253,1.92351101177167,1.95272728346713,1.94872842313957,1.91803407337137,2.06924232334099,1.99358915670682,1.95449666279685,2.01855123850598,2.03516093744751,2.03717530891772,1.78716589368,1.90599834484426,1.75162566784348,2.00409458009485
"52",1.9454906301504,1.96435927083842,2.00019758948942,2.00531912474929,2.04341489753797,2.08300618652945,1.87532805365814,1.82258187312425,2.08860507015306,2.08528805885995,2.11325446446345,2.02183474392941,2.05572528645367,2.01541396002277,2.08985261221851
"53",1.94879871129181,1.97523343398395,1.966222377464,1.94011788550507,2.03287454526365,2.07080229230308,1.81275646458759,1.92620109277564,2.13451674563659,1.855126352862,2.193316650804,2.14295640602908,1.96032097038336,1.99554502924713,1.97808422408014
"54",2.00030690939201,1.94430076966633,2.02241793241273,1.98883294003669,1.96999933964501,2.13200549882431,2.12394691579066,1.96518902944856,2.02303340321054,1.9683722083831,1.99523654723078,2.21047227539039,1.90549934785497,1.95798546006428,1.79693619366271
"55",1.99887492799245,1.95746408903878,2.00563526353455,2.00311110764066,1.92780081470161,1.97889740173852,1.92652039980708,1.95407792370015,1.96897811444377,1.87006955363496,2.04291511796003,1.79327645568208,2.12710690355209,1.9419111417917,1.67366615781221
"56",2.03105173058493,1.98268618701861,1.98729662400036,1.89509336922092,1.95891369460529,1.97346048883002,1.95141998417108,1.99649703416783,2.01252498305958,1.95576678852082,1.63510997910849,1.97327285577573,2.04157698552579,2.17129547551765,2.27835112908886
"57",2.04089324946596,1.93584164960265,1.92880603142287,2.07249141739444,1.97993929864691,1.91029632935265,1.99686020482351,1.80905732831402,2.06001024350683,1.95688133083242,2.02849268332761,1.99750911585296,2.07515212328081,2.29187422549031,1.99969687554838
"58",1.97417008393577,2.06098048676022,1.98959675050404,1.85590174806441,1.96681261620831,1.88930495804324,2.04852678820141,1.99331384416826,2.03396833152857,2.09141664881091,1.77112677130325,2.05725895875497,2.4102554290218,2.10686905206628,1.98696496234027
"59",2.01048389554355,1.99477790790126,2.00345058775656,2.02559884921275,1.94209503375435,1.99613388339921,1.93222544681524,2.0009889697576,1.89372720206205,1.85202866098737,1.98609671974774,2.09410671537246,1.78324353599014,1.91239246484302,1.86247346359327
"60",1.90095617440925,1.89166495220199,1.91875233608039,1.95251774526257,1.90506671773417,2.06162259156063,1.96621022333251,2.01513111317451,1.96975076644264,2.14720263233612,1.85346800019014,1.94243037426152,1.81193741131591,2.38806988204796,1.5913940595915
"61",1.91592435750884,1.87349871173179,2.01906038846749,1.97890270421716,1.931656440672,2.00184703129851,2.13267886527439,1.90762715200506,2.08966812481803,2.16185612934011,2.01733845159398,1.49516770943256,2.17324907236036,1.73648102765713,1.67015018675032
"62",1.93864725380542,2.00339195439473,1.92728951017611,1.9954776562877,2.05370731163406,2.02302478215191,2.07060159196385,2.03850528144734,1.95997270135565,2.00388117514487,2.13583417904037,2.10962253377246,1.89249372644767,2.10543744677606,1.72658023989659
"63",2.01759950838097,1.8817510270836,2.0248267944506,2.02302580851304,1.91954035618525,1.95396698380736,1.99381419649381,1.92505729165329,2.12981635382541,2.01932049794713,2.0756455621988,1.97578644117364,2.46467208498131,2.10672711109307,1.88594079981579
"64",1.96838161996683,1.90444623232234,2.08295120876948,1.98308890561546,1.99310028982668,2.01300118638631,1.88596164096354,1.86984657452692,2.04394344906811,2.12094456778293,2.20651416688257,1.85833536697879,1.85342676806346,1.75377905926698,2.1939781973277
"65",2.02223713034147,1.97420818412874,1.92627803288604,1.99707276599445,2.08495508101253,2.05873703754734,1.97031667384948,1.92219421252059,1.88213438280666,1.94002427024818,1.80355497367642,1.94511754807833,1.92885293547845,1.70605758976493,2.13642987493572
"66",2.00406526814533,1.88237617049435,1.94219791005145,1.90124387132751,1.90938006381153,1.96145731340091,1.90901548072478,2.02192116792875,2.07579661502733,1.75995721313737,1.90132412127325,1.83234379234137,1.85351907457805,1.94879857258355,1.69795009766637
"67",1.91271549350827,1.86252059220568,1.98163941216935,1.99466287628093,2.0506670366563,2.09228133925919,2.11393027474677,1.9928397457756,1.98196520712444,1.84297820424298,1.97679958245163,2.02980825375434,1.70927959161286,2.00014705160038,1.44297667934869
"68",1.90313617094518,1.91639434226732,2.03641270392621,2.03554599272128,1.95436502606341,1.93259856108412,2.00817918366729,2.06570289862319,2.18152576922459,1.92158664026053,2.01123629967443,1.99904938116364,2.23233620134033,1.81453264851491,2.55648927428838
"69",1.95245426205642,2.00479972728819,1.99019278365668,1.95707998103211,2.11562744701124,1.93822433842553,1.92494184284116,1.95800238443616,2.0543709205296,2.03687272900226,2.11787056440972,2.17946375688753,2.26256009433784,2.18986796733925,2.0064300104612
"70",1.96565659855972,1.87924482429055,1.93079893001578,2.02955827491772,1.99992571165213,1.92021345291744,1.9591347156585,2.00932521473306,2.07461903135122,1.84148554451509,1.8758008816797,1.95495694062022,1.78061614386502,1.94734757259577,1.92925770122074
"71",1.98607815384518,1.9288335635497,1.96244178346681,2.03791932970485,1.93813405185549,2.0346044396191,1.84599065879303,1.96368482659369,1.87065907230396,2.07221330130061,1.93696077827786,2.06776925728966,2.36792169552674,2.00890942020772,1.89522675959364
"72",1.98842149497341,2.03004447459916,1.94835770114287,1.96470741313729,2.00155354425765,1.88844312116497,2.03372234154428,2.09324955690449,1.90859314521733,1.88331770871081,1.7722546786342,1.93355405728835,1.99428297271356,1.86412047582562,2.0516162027962
"73",1.87190447531925,1.93133480433965,2.02610497143019,2.00726665340941,1.99344653631639,2.09244246122754,1.98353357208931,1.88116925441797,1.94447753915771,1.97757164373643,2.13457187905456,2.08840993647219,1.97828553599233,1.98297925888821,1.77047928250936
"74",2.00946751413744,1.86812383647598,1.89873693323482,2.00907198745511,1.9234665961512,1.94437509613706,2.07185070709915,1.83330432411553,1.95453294398778,2.12110381220438,2.16980040820569,1.8003305380994,2.20020684296984,1.86779165799193,1.86787521998889
"75",1.9578717145175,1.8900050929849,1.91980509201657,1.9592155814622,1.95285339393844,1.90155486650319,2.06530912675541,1.95096370634059,1.87643878908265,2.33955102502406,2.0328214343223,1.88587576410591,2.058714087244,1.94436027587679,2.07055809539193
"76",1.95269970140138,1.88391889220899,2.0896025215485,2.07977954230672,1.96259970557283,2.01295022203547,1.96214118319186,1.95716451859708,1.91462928216127,1.97368438180802,1.96762674932972,2.15728670355811,1.94855685765808,1.67675244429231,2.33113733315965
"77",1.86005282669079,1.92966877015101,1.95299525162376,1.90956177117682,1.9468158110882,1.94650390524263,2.00188756368144,1.97924804486204,1.88824031558889,2.1931775146374,2.02534263840723,1.8513256875479,1.32310810902537,1.65971369289554,1.7990324943254
"78",1.91457877798736,2.01504026975216,2.07891649951956,1.89027649707225,2.01119191377268,1.92787283012244,1.9763438755724,2.026167263884,1.8821826047909,1.86358815074321,2.10476034815208,1.70997737058883,1.89431448057204,1.92524173049574,2.24491702708997
"79",1.89995089711747,2.03236944990738,1.9757581692644,1.98506618212881,2.01614295834004,2.00562040231594,1.96209060450719,2.16493275246001,2.47471708290861,2.14683263159679,2.05337865812668,2.0681043171321,2.12167252884538,2.02041302939891,2.20082422280601
"80",1.91936846637523,1.94419573574192,1.89020225461489,1.98314185728165,1.95024822438648,2.02062237835381,1.98914893152296,2.04424023751272,2.08037593530054,2.04839592005257,1.97439799947839,2.03408611017357,1.62649355609722,2.00443695097397,2.30083227196225
"81",1.89398659640228,1.97375505971553,1.94467382209559,2.02659566260178,1.90489975022152,2.03401487833348,1.81306123769608,1.91542617817097,2.01472493120613,1.79979679035677,1.87073933639432,1.91733984061145,1.87788473240615,1.83448788179163,2.02138039374115
"82",1.86066651245433,2.01104857149623,2.00109479606807,2.02780684339135,1.87438066300076,1.98800908537581,1.88543347213745,2.05179671879859,2.02316203891881,2.02378608010576,2.28208673087412,1.91691517193629,1.97809039315338,1.93063327025735,2.00217364813908
"83",1.9788066986749,1.90341346728982,1.9753476843919,2.01827578361633,1.92672006234542,2.07842323316302,1.97137653733008,2.05018257179471,2.1059574226974,1.88203053547291,2.19693666990038,1.95925535249991,2.16934491658162,1.8957483354341,3.69087195741406
"84",1.92040240587739,2.01529286050424,1.98511639043095,2.05656160854617,2.04274988722165,1.9674107159378,1.9848422341667,1.94102697678008,1.92221627166039,1.91958317795768,2.05402636352696,1.94811346703613,2.03568352017213,2.25853072230263,2.42491742938052
"85",2.04300401990224,2.02235545114592,1.8709746245415,1.97967386585266,1.99908398076561,2.05151522325622,1.92072414420708,2.05051716559762,1.94185498080699,2.13562319419614,2.06546206611357,2.06461396746382,1.88627176998619,2.04681674086798,1.24549402609939
"86",1.89219051901416,1.89743733989487,2.00137752235791,2.02463836472605,2.09362755663117,2.04522195350227,1.95608565550573,2.03631005703896,1.98246250806741,1.80322132869404,2.16167016780239,2.14422376491921,1.81404513656174,1.90803799023401,2.39642071079865
"87",1.86756195394279,1.82848127629398,2.05877184624943,2.03642935802462,1.97901793439034,1.99483019969614,2.06691037218713,1.96954578636584,2.01052368679515,1.88244407075288,2.16206842936377,1.84105415239085,1.93621677303019,1.89601924426596,1.83194089388374
"88",1.92904588744972,1.96314645982564,2.00136478124541,2.02590289987171,2.01226127726881,1.98935596691946,2.05864485127662,2.01269031731087,2.08021515837766,2.06170036058947,1.94893477915762,2.03931447412083,1.9892190240358,1.65512301261374,1.86957211329458
"89",1.93506268471815,1.93681870545643,1.97308910341892,1.94430780737594,1.99511587293107,1.98872377388775,2.00441474871235,1.98152729718967,1.78190640184834,2.07289031635394,2.05256084976628,1.9861769196279,1.84346828291051,1.76072214098729,2.09822068275758
"90",1.91718998466471,1.91652540316231,1.9351924953247,1.88845527696058,2.07955784850633,1.96985614712808,1.95226962894145,1.9876758700048,2.02887314526529,1.73288044195406,1.95710119093365,1.93457005413108,2.76023223555991,2.054258280461,2.25608404230443
"91",2.0182662110085,1.95277030131506,2.05174935896438,1.98353147236439,1.90808020080699,2.04678144183284,1.88843768555691,2.0602897853406,1.92310769782871,2.08449876840083,2.1391652107097,2.01556820285352,1.31878597296412,1.93726009500428,2.09062966556888
"92",1.95647442562277,1.92592773986413,2.04671041732513,2.02893264793702,1.92929868727274,2.11327096536023,1.88725021584232,2.00655036061291,2.00544265104443,1.88008576559626,1.70417830291035,1.96011935237058,1.76709020550306,2.16166367276738,1.74615731223596
"93",2.01753961744903,1.93584891424021,1.91069208387496,1.97955278971565,2.00787270522252,1.98664030935498,2.00999400143622,1.96463955860917,2.08738688557557,1.86894331668464,2.12530106997411,1.9630729896861,2.09541983978234,1.89697941346857,1.16922385184325
"94",1.99660317862246,1.96108811396279,1.95540849967092,1.9823003834348,1.99644512216621,1.96898618101593,2.13090026934814,1.87445478306108,1.90200967109507,1.82831654241718,1.58920897034821,2.26086891984619,2.10606400085962,1.98712897280873,1.03979088359591
"95",2.00496938606306,2.00254430708974,2.021807907414,1.94144992661692,1.897742989525,1.98746933811429,1.85066900076699,2.05367062025995,2.24812200467296,1.87700810745294,1.82830159410647,2.14649587729974,1.83019896545602,1.9785044631736,1.85127696513246
"96",1.98988003139446,1.92662347197887,1.99689529516741,2.00630999255813,2.00830076136144,1.99114559336314,1.90092099333784,1.94518171939167,1.97133968315984,2.21416137248417,1.8441675302718,2.1707360118135,2.08119563870525,1.28995458663708,2.07661537379718
"97",1.94450203525219,1.94752457393147,1.97631151745488,1.90831405239027,1.93862035316724,2.00596448250667,1.99609498536377,2.11703286159251,1.98456531599025,1.97057779833136,1.99532346307074,2.15150606680304,2.06170874745006,2.40221270833369,1.6673909603636
"98",2.01893115825808,1.95502753533815,1.95490486979044,1.95026341914091,1.9268932942594,1.92147302097184,1.98635854731562,2.07258944675422,2.00913006380356,1.8534683777899,2.34364221008593,1.92356233848141,1.93123161160481,1.92454949891802,1.86528910891033
"99",1.91535322695098,2.02245425874626,1.97627953990576,1.99707471520366,1.98404616518396,1.98973536503252,2.04711604046625,1.89574963783216,1.93404517328758,1.7478899501214,1.9828421675587,1.95574593438458,2.08647257997467,1.86512509632782,1.864678301173
"100",1.97293220950227,1.97484200092082,1.94027486458736,1.87925585343774,1.90000909367913,1.9738987563267,1.97182966841427,2.00242212946337,2.04088445033435,2.20308562332509,1.9265098335413,1.78482652985893,2.0528404984279,2.00971664862538,1.83543886434482
