"","V1","V2","V3","V4","V5","V6","V7","V8","V9","V10","V11","V12","V13","V14","V15"
"1",2.20917958840729,2.18441661738958,2.2488568375294,2.2807683618128,2.1189548971541,2.2170745519773,2.3007854603059,2.06246474784406,2.26056748139107,2.02577256176109,2.24049631877076,2.0582702295968,2.10351280130592,2.0356238358432,1.98864973861899
"2",2.37304783207875,2.27066531634942,2.26883202949066,2.25740473796637,2.21274504298922,2.10017146089961,2.07471998015229,2.16477612346349,2.25489776533367,1.95126035451728,1.98292417313451,2.34910212054968,2.35746653073388,3.00413257458247,1.93301533526638
"3",2.26881271693251,2.19908360251722,2.24238415260229,2.20527418174645,2.03222588892103,2.28961210539642,2.04113613367008,2.13650655937888,2.14581179502892,2.18573538308925,2.40836743003696,2.0725399927846,3.03758022768137,2.04895321698476,2.15427514773361
"4",2.36398856447441,2.20806634645972,2.25267229021291,2.12768446550521,2.21772328863875,2.10783014564093,2.15015291730841,2.23864577682435,2.16303718145724,2.23945660308831,1.97825015388666,2.16021331275934,2.3417086970978,2.09061527399003,1.37513931655039
"5",2.28428868270919,2.12781800042413,2.25412585961289,2.26951011898467,2.18053341298783,2.23217334989113,2.3221628164924,2.07384464314292,2.15219273138163,2.1277493682251,2.05154654635923,2.13963365412487,2.15262008889562,1.98844687529836,1.61982209647487
"6",2.23630560608939,2.21553213784882,2.19234915653589,2.14068146181536,2.13987855550458,2.19214234455891,2.1078290139059,2.04103302517565,1.90076588771821,1.98529117433364,2.11395911013886,2.23594081361408,1.93081902925331,2.00036357496793,1.87971899903117
"7",2.25243709187033,2.16134513184639,2.07354646122999,2.13562740514593,2.29728732929865,2.16844581101144,2.12994802304305,2.19592083607286,2.25938360059821,2.31156428051873,2.14404336071386,2.22443812857633,2.13434241635237,1.61905654361364,1.87903537921385
"8",2.32697250975576,2.21741692982025,2.15877164861009,2.18322576048901,2.21531219262179,2.13309146980296,1.94965981471047,2.21203211596638,2.00634939651534,2.14046504379525,2.240818940374,2.09763534409765,2.43540547670892,2.20943909187578,2.15634953558557
"9",2.29601770305076,2.34996716192486,2.26863192726468,2.0296409199191,2.13194459672906,2.26654991921864,2.00386121578524,1.93028002376913,2.06784825508769,2.11544392709297,2.05098440110663,2.09621174526555,2.04422529380111,2.0867693794713,1.96176338093736
"10",2.40264145366553,2.33914362421715,2.19277529426035,2.25410599053059,2.19044377885167,2.04539717900036,2.34404685168585,2.18809259551061,2.03583533140504,2.26709592096527,2.0491173784778,2.51464834674134,2.46616868906908,2.17838743567676,1.9500029559562
"11",2.28782988480398,2.35421377433588,2.11983241785892,2.28057330431936,2.10313539847807,2.18079961155776,2.17719471185728,2.17795049973926,2.12408610893861,2.18557834797134,2.19199312842614,2.11095525493979,2.0538550991152,1.98264572368268,1.96002575029335
"12",2.27044896135872,2.20467423946,2.20123837178778,2.25125775622215,2.10344527050266,2.09740699617557,2.26010639913935,2.09677427068744,2.08037388072796,2.03413299584696,2.01462828720338,2.24979453427989,2.27198223666071,2.34424165380551,2.03396613931787
"13",2.34956433819064,2.24076078051671,2.19218136319319,2.01128478121393,2.18248853085095,2.24018091488866,2.10333823725625,2.06117521034334,2.20440786057299,2.17900044712573,2.23189760053505,2.1794632517669,2.02403383006676,2.22442300213022,2.02550411492658
"14",2.23070721052348,2.21729003101673,2.15377855068149,2.31066890490588,1.99468708874372,2.10647470242211,2.03010920590353,2.15656645440647,2.14931572272363,1.98361295069169,2.14203293729516,2.0715272759612,1.88083272077998,2.53053916232542,1.79410993962161
"15",2.39288139291452,2.23973069395799,2.18860500733345,2.19615811599502,2.16228429324412,2.14472162091578,2.27215678348806,2.19403549777511,2.03655962368403,1.95472680349917,1.98327468799923,2.18226057030343,2.26619517446083,1.67750766592514,2.47912210960041
"16",2.33177968821967,2.26264008175429,2.23760302186394,2.0703384551665,2.12260338179799,2.12307616195259,2.10340929190979,2.05862397929223,2.19981214265753,2.02007718191172,2.14718476351451,1.92504961585846,2.40645941846345,3.16715832394836,3.33380056389102
"17",2.28946250387738,2.15175218490691,2.16787463707959,2.23404388661412,2.11140887111084,2.19859543933708,2.10917446238906,2.17695512977298,2.2675323048177,2.13335488467169,2.48130421402873,1.97414759148204,1.91366635839258,2.79629204801929,2.38346407739034
"18",2.32244936363536,2.16760327133803,2.23333052442627,2.22635264605204,2.18034804839865,2.18794175479551,2.26685950644726,2.25837007537591,2.16962830701411,2.27500486358264,2.29827469806702,1.8420708814679,2.22695680777387,2.18966859745851,5.52784814905913
"19",2.386201737506,2.1330561061499,2.25100033768772,2.20329215917171,2.16442512576668,2.08393636084679,1.98524997603715,2.15072952329609,2.01780371148373,2.25247604625198,2.1513344735542,2.15744535148552,2.28549767639296,2.02807637486111,1.7010102649161
"20",2.30715131405792,2.26378657964867,2.22909825872935,2.23130174746124,2.12814577313713,2.18575033103289,2.24378357457245,2.19099183482871,2.03387203393318,1.87056048172862,1.74124190902785,1.82625504475596,2.22427425446232,2.23332600185099,2.01807412057526
"21",2.36541453220853,2.32059155838374,2.23654187928375,2.25443268263609,2.11492151664727,2.1561260057243,2.12531315785823,2.23256420885977,2.03211143994527,2.13009031000938,2.0535791614341,2.61342304839957,2.03664655230213,2.22240246132599,1.76578080767979
"22",2.41003607337463,2.26836119626948,2.20186831958781,2.25078507467287,2.30762193336027,2.06305826922831,2.24405653958392,2.06873219291402,2.04104333226783,1.99907472200657,1.99314454188602,2.32277335035243,2.05504277781281,1.88822047297964,2.14151083662696
"23",2.21597960327399,2.36802358386482,2.20249174669296,2.22773085350193,2.11394821678856,2.10476585278553,2.14578398581028,2.1923708553695,2.08895140511388,2.20356099003346,2.03301961893458,1.87223232106021,2.13188858087484,2.05434432384461,2.0428841741117
"24",2.37576913356595,2.32415612754782,2.18961687240804,2.12755308475352,2.09007283521171,2.31867395551286,2.05909093096085,2.0814633780139,1.98571506099008,2.32062079949004,2.21093390149967,2.13050926838129,2.25514350049683,2.20076445532883,2.03783551164924
"25",2.35034091711226,2.22376748877769,2.17293699456783,2.126018281669,2.12790238811667,2.05277358936109,2.09162183428693,2.29161428201565,1.82545179431386,2.24029375824529,2.06747332277175,2.19139065086435,1.81634744061778,2.16720777740106,2.09572845101413
"26",2.35058327844349,2.22783860304182,2.15029674624009,2.15972178448575,2.16237253074093,2.26853698579135,2.1114769595823,1.97018976812048,2.25754577943449,2.21099855745168,2.09460011025989,2.13392143967831,2.07932935125978,2.44635099078483,2.32341332732923
"27",2.32012066532654,2.28053612810791,2.21337953138059,2.13850085654836,2.14016534430837,2.12748940560472,2.17365117024583,2.11853381301199,2.14481601181094,2.31153102070895,1.76210189341297,2.28187041991826,1.91313463383373,2.15065415626585,1.8886607691668
"28",2.34388754133788,2.3754373952013,2.23614648093314,2.12931260493826,2.11037987599145,2.32766130181048,2.06548460789531,2.17711420300358,2.19537216193436,2.11438974368519,2.06362840174568,2.21577338072105,2.06338976028503,1.86495797507034,2.0480362662272
"29",2.35168558055003,2.23368448014019,2.1853951833893,2.2228917110558,2.16340541118449,2.27205018596955,2.19096777023405,2.17168763122853,2.02272246706769,2.23543186062341,2.11611931719305,1.86209049151134,2.30430584166923,1.85978967029445,2.73814459304234
"30",2.32281142108876,2.23169401808062,2.25885471134972,2.10971921262135,2.25883205226111,2.18970102651719,2.25339784564643,2.00566844821539,1.96454449796257,2.03959022667104,2.18646846614297,2.02781305797047,2.07340742119187,2.43975235867216,0.678915314905074
"31",2.33290862822457,2.25743925139627,2.3453014217817,2.02868323721617,2.04182592544359,2.16824864086158,2.19148881039377,2.12153367292345,2.01164565631453,2.16736674302002,2.1006185826064,2.22906193423366,2.27173326419948,2.03177701030519,1.97376265155813
"32",2.2284414317499,2.20569146247129,2.1599294320906,2.16705366897041,2.24825280928304,2.40046509147181,2.06298311484835,2.10351425184138,2.04418033872297,2.03277736171829,2.38843170326875,2.17665308728479,2.23418178972673,1.98536891958678,1.92375060363255
"33",2.1474057680958,2.19646306842619,2.16234845694966,2.15404487864433,2.15161119099389,2.12055097938568,2.10246710196882,2.07043636439795,1.93103539794059,1.93011130639057,2.20026117036275,2.15764554005407,1.71771495620664,1.98613082982577,2.30630132038542
"34",2.12803259371442,2.21815845079919,2.20509213192232,2.20623789494765,2.21202848248223,2.1250579834243,2.07008992178697,2.01489244869365,2.03867069094108,2.13982326996896,1.99716717408773,1.7797450419831,2.14107587181549,1.63709989338108,1.77576834484988
"35",2.31667391449273,2.26865319642523,2.22944893202152,2.15371380754775,2.2621755292738,2.05335699990326,2.29496862012352,2.18227162458461,2.03302945049867,2.04364808008511,2.18387626917461,2.00233623262194,2.59109407459275,2.75806998060138,2.36609166208668
"36",2.20819376982325,2.20052085731103,2.3293739054584,2.20136476574208,2.07382231094096,2.07274721408753,2.20350004267547,2.0643357887777,2.07755444784959,2.05257707800228,2.05462603168074,2.18020375565411,2.24719041875605,1.96740360077248,2.18054780712611
"37",2.23955164984382,2.22170144272164,2.14350351392795,2.21360252362464,2.12690225321469,2.25979963396398,2.09292451631559,2.14409642955965,1.96625665781435,1.90104043182392,2.23617980825323,2.12475029018715,2.26743057693966,2.05778496854671,1.98542156904706
"38",2.24077189321514,2.18462879747462,2.15486948946601,2.21032900544622,2.16670449434634,2.0516606551589,2.2289659483521,2.09462635467316,2.14159734975144,2.06939626589344,2.02850228182026,1.82040183306747,1.64438744857037,1.96072147016452,1.87802741015041
"39",2.21484766236352,2.23241533743082,2.14486900479209,2.27443006442145,2.11757872748139,2.16349976925459,2.10309665992801,2.13530125767115,2.16116181692673,2.19265606673391,2.20809368613919,2.92331158663079,2.00781448959545,2.12849837465455,2.01969219649674
"40",2.0803695379887,2.3293585251461,2.18036926259296,2.17133429307976,2.04630317322895,2.11524237062279,2.12685935298821,2.13415655109321,2.03254678747098,1.91851503951492,2.04998792078237,2.06586408054111,2.12621598580886,2.99699922413309,1.97453555585468
"41",2.37721385626179,2.25740395931595,2.17636843580581,2.30808115980399,2.27640325015404,2.18891634968613,2.05672312452836,2.25067791996292,2.05863888904625,2.21669468963653,2.10551742096608,2.17822002360693,2.15439189594285,1.89133181125184,2.16202369571576
"42",2.37121833124669,2.24305736509086,2.19480533960213,2.20758754941192,2.37028006357793,2.20536690856345,2.16385496082924,2.21377511321278,2.1320195237558,1.99336110813091,1.96578173652029,2.08845773039424,2.23941131974654,2.31669546943208,1.97321081567912
"43",2.32354800921977,2.24400642603111,2.25054116043687,2.21025440608804,2.20953202282181,2.25815532149972,2.19022497820456,2.12989088782183,2.02629571018846,2.33494495124149,2.40666814690541,2.12777965420158,1.86705430260826,2.11835340833224,2.42629938657429
"44",2.2415938644762,2.22499237651155,2.21737503528562,2.20410587797445,2.16825348531779,2.24738763857806,2.31205505285648,2.14698723425965,2.01485925920395,2.24909818773525,2.07584120742416,2.03133372162765,2.01440591909578,2.18765053524249,1.95097424556925
"45",2.15732637129176,2.21757592298897,2.22382558069426,2.16948834435392,2.10369770180657,2.14948073159489,2.13519592958061,2.2034861081097,2.03662627695927,2.15503315483167,1.93065398129737,2.13750894957277,2.32398906392702,2.26738332228932,1.72160385543306
"46",2.28320484740392,2.12247175608298,2.20338874156903,2.15413847390333,2.20660452220954,2.10007526744431,2.22649557246219,1.92836853253453,2.10433720533888,2.1211588846888,2.35862872408742,1.91521623496563,2.19051093731462,2.10140839469339,2.28384650661578
"47",2.32906143756781,2.28241004489012,2.14108265775146,2.24560087530244,2.26764726707327,2.08677203448218,2.20904646702444,2.26509511186793,2.13385707726043,2.04645892776564,2.16232650054496,2.05591077172807,2.05549136513997,1.93209933108752,2.3382086939695
"48",2.3009231053866,2.202222768257,2.3044250170312,2.22162124508214,2.24014521856178,2.12912938230706,2.14744815424043,2.18547785752415,2.27217053854166,1.98619727689063,2.03854312441115,2.30760817530301,2.2148555866961,1.9694999741046,2.0009019979193
"49",2.40555388051978,2.20285986487278,2.16537449515957,2.19031641098475,2.16974397997963,2.09518553536567,2.17745253632495,2.1141665345292,2.34379461704077,2.23164070475649,2.03158193567998,2.22084905469169,2.11437110742332,1.8504222311474,1.8648763321046
"50",2.26346349464165,2.26769497337055,2.26177326929754,2.20469389394559,2.22193194295961,2.19435121574434,2.11626136210978,2.06807387970172,2.14072277626774,2.23101873457071,2.14139599679842,1.5385736462707,1.85996745057991,1.87010885993357,2.00674965012717
"51",2.30586104464078,2.24682183079868,2.21438233722141,2.19956610157372,2.19038089642546,2.20024234548392,2.30941988720328,2.0062347055487,2.0208823022391,1.7513275834161,1.95949673574962,1.96136726212343,2.24898553707079,1.99394563335759,2.12300913559889
"52",2.24135791888152,2.13670980542046,2.27101959240783,2.18037083250403,2.19468220579787,2.15502178162725,2.17248035072286,2.0776537642161,2.0038112410918,2.03239253195726,2.36470826784056,2.12995864745851,1.75360510925743,2.10723164254483,2.17925182972332
"53",2.31950098327378,2.35089547340879,2.14487229844422,2.25511151782194,2.28202493505733,2.16668941926,2.22000758202033,2.07987648333281,2.09762133189592,1.91763967558224,2.35389241782917,2.13272095812935,1.99144515363198,2.20297812505779,2.07528148792907
"54",2.29284404210031,2.29368679655786,2.12148206015604,2.12056635321374,2.23306808156492,2.17678269058951,2.09510481150664,2.15191129431495,2.12513790499528,2.06127131939297,2.07308563882781,2.31683055936803,2.15284020752843,2.31643194705712,1.89908806466522
"55",2.31725416015867,2.1787541331057,2.20657634555242,2.30443895102898,2.30058891554537,2.19671181130273,2.21942015231976,2.1509748223488,2.04091640289968,2.02705592099286,2.34303443789711,2.19043833247697,2.14429316527811,2.44233047072203,2.38576647401987
"56",2.18362199379185,2.13982969640997,2.1949061895503,2.14608275912742,2.13492597712623,2.19637612355852,2.09219397101511,2.05553244122329,1.96535179596759,1.96932235764156,2.00276463781757,2.31222351870018,1.85762382237323,2.17383391037129,2.47762675987368
"57",2.25125686219067,2.29202612427434,2.18181065428405,2.28994675918363,2.25454837822329,2.10576628983266,2.2690123841731,2.20578494390529,2.29343278108644,2.0724455227128,2.08770655971663,2.1706663838972,2.27141562446065,2.23418971054831,2.06620212981324
"58",2.29695655522125,2.28513452739235,2.14386798622177,2.15604917338538,2.14495167331866,2.25663477404043,2.00949674615005,2.071662633602,2.18780645927541,2.09427458587201,2.01990834665453,2.37245256336588,2.52936726078341,2.06597452298926,2.43977577116497
"59",2.25805204880248,2.1845911895982,2.12724259648793,2.19583774188532,2.24455295705633,2.1334201046307,2.23554136206581,2.0862072458831,2.1471734323342,2.21071591436025,2.3019461309124,2.20762189486835,2.12989899187192,1.96379890849031,2.03687746348713
"60",2.28634782299685,2.1862327305031,2.2061983408729,2.31521504324144,2.16979996934694,2.02459640023809,2.01765409761843,2.06279753789785,1.94925233170347,2.23672099071055,1.92215285175876,2.15570577004116,2.11833821088934,1.64773933205307,2.35902272631222
"61",2.34702569734451,2.23921525976904,2.13818908461684,2.31340085386068,2.35408828997307,2.22204559928721,2.33651950878285,2.06833624876609,2.15208365200877,2.25684275713938,2.00691122137938,1.96182951591326,2.06979268036087,2.26948686701662,2.34582556712795
"62",2.34619520675324,2.27009312316043,2.20184569398311,2.18680194830887,2.15863858167941,2.08835163669043,2.22791746376096,2.25752470720385,2.13329141944015,2.03936847603764,2.00539055592653,2.11401511452166,2.66233809152164,2.04790127875155,2.145719592616
"63",2.26789344690582,2.29745165529524,2.1642689743838,2.13156279556297,1.98455652329736,2.1503770584036,2.03236107377999,2.25233798665951,2.16709326704055,2.06046787429756,2.04698799625623,1.60340596875404,1.99085133228189,2.07037812847553,1.772157158783
"64",2.22813514734906,2.23152002266601,2.28135123937189,2.15616835390924,2.11060994618954,2.12154733960555,2.23102841002144,2.09999444051415,2.25616994847745,2.10328395257225,2.10749210670422,2.34646334311191,2.38892811441786,2.00700254024277,2.08233505075814
"65",2.36672908233742,2.24423753147103,2.22009363350427,2.1746978000955,2.02985970023206,2.11225678077835,2.17851649715802,2.07877852062421,2.27979944067063,2.19258637229249,1.98614714156078,2.15080683402138,2.23833488056063,1.73868912106657,2.18960551691203
"66",2.35371297070974,2.18620219942324,2.17304100244145,2.1454064109749,2.20952767753507,2.28360230549586,2.25014990980961,1.98732871421019,2.20555698777169,2.04232103428542,2.22925460264212,2.11113184194504,2.0903841543295,2.29346694165585,1.68648793694718
"67",2.28338347021576,2.20893795436059,2.13497934047733,2.22621921892237,2.23230280934891,2.23648134495121,2.10593466344238,2.20100049984219,2.0679757859853,1.90842549690485,2.08767034855809,1.69869007871206,2.27790098795049,1.76303205233067,1.91155613672086
"68",2.34479095198686,2.26206051844687,2.10739048213208,2.13396273781679,2.0900643051639,2.20278656717625,2.22976117550664,2.2174021823377,2.09600162670975,1.99246797215962,2.31392389308206,2.00616329054359,1.60828643665595,1.84937411598136,2.10316174924268
"69",2.35817054548511,2.22327657305788,2.15332703006185,2.19343209321318,2.0861884363985,2.10709424953332,2.30082200535682,1.97646540841953,1.99593110882544,2.04715516247768,1.99418577610554,2.13281454338225,2.21676629295286,2.16132884394614,1.95641630644572
"70",2.18894593960991,2.15547557194926,2.22058353634818,2.17497395486383,2.21987369388008,2.21123518514126,2.2187125514452,2.19915244035911,2.24142810962369,2.26407600331287,2.16694228795256,2.30675919888351,1.68518769711135,2.14333255247317,2.23409150919894
"71",2.26190266906355,2.28874878536351,2.35603018220283,2.15003147173134,2.07000825371453,1.99437728623058,2.18028196486903,2.13254710682213,2.07706766287397,2.14448678797468,1.90449831261235,2.10187958613153,2.03660942409367,2.05275743734499,2.08122226282909
"72",2.15916089239193,2.19127703761185,2.26811500543187,2.2592242705721,2.14327865503235,2.20674615059756,2.15993296146472,2.09499852950958,2.01097513505948,2.13619189610357,2.16213572313315,2.18251153324539,2.11187519398964,2.22532832727868,2.37402134394684
"73",2.3120276356388,2.22649919780853,2.32792308266343,2.26953801491068,2.32229964961295,2.09055666521572,1.96820060484804,2.17980145220871,2.24813498712676,1.91772535852708,2.12442792480146,2.04766425665724,1.97849378348031,2.20390628493781,1.95655705900026
"74",2.26829754669682,2.28034039233414,2.18517670921366,2.17114054332663,2.17951028568086,2.18609175363456,2.24753790137186,2.10097543123747,2.3019537867758,2.09400852447882,2.01542790441982,2.04603368217072,2.10060499885463,2.17215284530817,1.99235278703007
"75",2.34756048677731,2.14612472899879,2.25940934066778,2.28919449649447,2.18165658352849,2.076124132003,2.01654430199835,2.24890386034937,2.17554681166382,2.17940868761119,2.182111374817,2.22348924125812,2.14738141822092,1.73242531711662,2.31335035799066
"76",2.30278298521249,2.33777960616629,2.05321500048428,2.23711330125322,2.23978313754422,2.29508536149779,2.25677113942135,2.16944244925984,2.003041305556,2.08347624147524,2.21861017849827,2.09607470775834,2.24849305218735,1.89448055397579,2.20462397051604
"77",2.37799614735574,2.12927740790585,2.24837264569085,2.29850869023306,2.32408391216913,2.14713726947269,2.20640437325816,2.13742056872415,1.98280026245339,1.98220738991874,1.85123975164711,2.14088141035102,1.96106075701023,2.00950319164956,1.47138603990129
"78",2.25682806515463,2.2020511479513,2.2504033793357,2.08586214847705,2.02947557900166,2.02826969106839,2.09121626141886,2.07707455333445,2.21189458407709,2.07791350165166,1.99425345539143,2.11503539048184,2.12020813888523,3.40907851861722,2.19344415901179
"79",2.24431543218527,2.25141120193155,2.20298522904135,2.18976283391897,2.18536032896512,2.14549558683932,2.27520579339112,2.15664442428195,2.21599509305433,2.13212319577578,2.04793209689759,2.1613413621179,1.82399223970884,2.21252520726918,2.02552797487492
"80",2.23838988333484,2.19019792171952,2.15567863518335,2.21691099096692,2.22453125010751,2.28045858322942,2.01118629350921,2.1488263435374,2.13150765958602,1.97381840213097,2.36206828288868,2.00154835734588,2.06167445352562,2.00875243672552,2.08540562854315
"81",2.23759848758264,2.16439549764105,2.20848761392255,2.19749758170588,2.05010066547725,2.17410038687912,2.05189623389913,2.30183739709148,2.19301334284555,2.00410511146485,2.16178374044471,2.0656776637824,1.92743085431669,2.14152585212226,2.09213834221725
"82",2.19093813836326,2.21786123499726,2.2079406590155,2.32007730512452,2.16691531453191,2.24206320276748,2.17906804623252,2.16300474909722,2.09715248797414,2.39951579097837,2.04923349983165,2.09245695068189,1.95744606883017,2.27189210548058,2.05451020185753
"83",2.27165172263457,2.24976035910431,2.11936692584644,2.12643659896898,2.25841318808648,2.08685626104457,2.0876018919991,2.08112962583228,2.01450308946798,2.247546761878,2.01664381074934,2.19593657963165,1.95130646305522,2.21746391113323,2.4849925550116
"84",2.27788097180227,2.31789520388872,2.22151407032185,2.17949885971511,2.08219899004048,2.09176546804293,2.00305944967502,2.21282247502015,2.21500874846312,2.20837691039959,1.85277230169377,2.23961385735416,1.94255592087076,2.17041636472266,1.96370092952097
"85",2.29971733015762,2.31558451107656,2.21678061368601,2.15133549323119,2.09871217191762,2.28216712019312,2.17223031636962,2.15905388550519,2.25104996565322,2.32561187097576,1.92727732868077,1.45879599639495,2.34186005393395,2.22291839611774,2.23871005686029
"86",2.33614752368437,2.25695694647419,2.16826292283183,2.02226454913072,2.17722586054322,2.15071532319659,2.0879470729898,2.19447893056658,2.18859591686127,2.19129961846447,2.13563684632014,1.89547568130518,1.90830981483927,1.93833768089751,2.23123331704804
"87",2.25899859820175,2.25067896357496,2.22217978315714,2.26572544842039,2.31704720010482,2.05089665799332,2.05217280285795,2.15627765840724,2.24150671790304,2.08159638986761,2.1142080504804,2.1149326562691,1.97995155619463,1.96231520652293,1.88102415883812
"88",2.25722709502809,2.1833808808085,2.09034857974119,2.17031116467802,2.0562567611305,2.13336769484336,1.96846089170008,2.12109808625394,2.1873697631063,2.23648947741734,2.03440252870982,2.13938615990974,2.03450385760659,2.47794688875502,2.48972363024069
"89",2.30464223482794,2.28398739567739,2.17987232917033,2.23653511445305,2.22012218320544,2.06196983194849,2.07815134903906,2.0439681958687,2.07207620800458,2.12757702429463,1.8450527116109,2.21130582008288,2.21196095689101,2.00544299250175,2.36561615269837
"90",2.25344139600655,2.20327344443505,2.27043245842769,2.1806870564174,2.08480891300473,2.1081904106806,2.26344759174809,2.04242063467425,2.26445103268185,1.97894201680893,2.0338734701176,2.33863179361763,2.37643932243757,1.89262519619203,2.41761311035309
"91",2.25899408818556,2.31427434503914,2.19702722964804,2.17727514391801,2.08402009705451,2.12369214852006,2.03553967542537,2.11777523120596,2.24209776977022,2.00883170646774,2.10029167905136,1.95738414710383,2.07410640578739,1.97172706556181,1.827064846626
"92",2.40534664486214,2.2230606690941,2.16742129662237,2.09128665354724,2.23754686570826,2.25188233502576,2.29845084021777,2.16747322367483,2.13682564285228,2.04542350839863,1.96033875776881,2.24480886712417,1.73006108890461,2.47001316086642,2.41345765706236
"93",2.21765199223497,2.32648893627669,2.0718762496508,2.17333759622141,2.13321749482616,2.19898723169698,2.16211213098058,2.24620625815476,2.1067630693366,2.04763928996736,2.17621236436807,2.08589568889669,2.27047456142233,2.15405614972192,2.08259699616889
"94",2.31499948042492,2.36097267497387,2.01199651493147,2.25375256656377,2.19499245353387,2.20596678638403,2.13745862800775,1.94430476877774,2.4746929956304,2.14632886371187,2.20770145262554,2.18741423887248,2.18385675427923,2.06438368532676,2.12546214257942
"95",2.1955838175447,2.2904568290675,2.225829342125,2.10181495640235,2.31386810672231,2.3600938326392,2.18394870388209,2.0366423014853,2.19568102543584,2.27329071011995,2.44181336520421,1.81955569158785,1.95989720822323,2.08267311799891,1.81125584276945
"96",2.14495614969492,2.1654418772199,2.14758482074297,2.23945677844091,2.12763240841698,2.1024119645715,2.0314678521887,2.18226613334349,2.02374024774478,2.11593778654713,2.12910094008535,2.05119441968879,1.99714265110729,2.29178604951108,2.49003993196318
"97",2.42037166045228,2.28417174301259,2.20126540576709,2.1737161213664,2.1842961616383,2.27500193280121,2.06654056561467,2.10913221745962,1.97943319764151,2.23051964541449,2.16679020024197,2.43598881488875,2.31992878918754,2.1524897716017,2.13891601652935
"98",2.30542475471227,2.27961638540823,2.22750147707885,2.23861017285116,2.05351666397534,2.20396039461313,2.09353105575468,2.23463981049837,2.08380710681637,1.87524739403366,2.29328081755264,2.09743584985716,2.43143722380964,1.98975513441176,2.18651297557108
"99",2.24791965332817,2.2726248930378,2.25889963180861,2.26589205252405,2.32814498903348,2.16222262812662,2.07330036670266,2.16907772219284,1.98363818662325,2.19717503412178,2.39808098011703,2.15045844095416,1.92924314253866,2.33166670131595,1.90030936609691
"100",2.39034155705343,2.17681274982698,2.21546193290599,2.20078181024336,2.09540360341702,2.16399868540939,2.20195400413419,2.20652889290068,2.22177947698443,2.05101820292503,1.93485703364857,2.08834042914311,1.91860233744606,2.16608267485237,1.81230058398062
