"","V1","V2","V3","V4","V5","V6","V7","V8","V9","V10","V11","V12","V13","V14","V15","V16","V17","V18","V19","V20","V21","V22","V23","V24","V25","V26","V27","V28","V29","V30"
"1",1.07246900747133,1.13816770073169,1.16803455000824,1.21591765700315,1.23167108728633,1.23558970859737,1.25084363679955,1.23046062786766,1.22760284655318,1.30851954247469,1.11246378805218,1.32365826663084,1.26771644217664,1.10850729650959,0.954671234730305,1.46447609722394,1.49709190067168,1.52755553770417,1.56789172265633,1.59835863746067,1.65752132536132,1.68181175035422,1.74430355075064,1.77645206636175,1.72491821554199,1.92174950510836,1.75099191181401,1.81143185254491,1.97370383277916,2.15207402027644
"2",1.05539964726793,1.12683787711427,1.15780645132952,1.21555185183302,1.22860089197979,1.26632942420057,1.28440422196748,1.25791705039157,1.25765337095977,1.23136710563833,1.24104279275358,1.25710892319517,1.14416608148828,0.866348171526348,1.28183033219002,1.47014709779523,1.51525211778156,1.53042326730437,1.57587189661145,1.60429358032708,1.62923389477209,1.66379109333919,1.71684228339396,1.71772608196591,1.79635622509144,1.81152467780183,1.82723615349511,1.94272664989613,2.24004099676617,1.82713621295385
"3",1.07526241227799,1.13988774705021,1.17311107518706,1.18845051602692,1.24119670270862,1.25086039366534,1.25935337140478,1.2725301813133,1.19899396205273,1.28803511261604,1.13889264766035,1.25124855647181,0.821032897093438,1.2066137328844,1.18167582753053,1.45523543581987,1.49227503158049,1.53150551121591,1.57550639316703,1.60066006917181,1.63246296594896,1.6739740346342,1.70771567668665,1.79238724941211,1.74797135959726,1.91697868100175,1.80733897988499,2.27373126608517,1.88928689004093,1.92471424332197
"4",1.05717365737016,1.12799401690748,1.1692804046396,1.21562092889118,1.22261412673238,1.25899099708105,1.29654760013142,1.25025596357982,1.28766539057907,1.24929780286461,1.23669855328564,1.19872010137491,1.24270762966359,1.12490038566028,0.211173455423355,1.45897274668942,1.48059298382283,1.538030818114,1.56114600471049,1.60983060837006,1.62489041090127,1.66662892366797,1.7294309231404,1.70652648244335,1.77348356719247,1.80511381426626,1.87382739253455,1.83452718372053,1.97495730998055,2.89062954854908
"5",1.08866777688667,1.13689281393964,1.17636426421676,1.21339893405711,1.22456218105192,1.25404264832629,1.24436834582654,1.23388014861004,1.27834765061796,1.25220852345472,1.24306567354646,1.29269088520865,1.31042666312504,1.17192385109206,1.08176914417015,1.46944870910454,1.48839212509278,1.54327725847952,1.58288727824481,1.62012044333484,1.65074771163181,1.67401272089908,1.74781260245695,1.71980765728497,1.77669047238765,1.78886775002786,1.76968256173852,1.78907834554049,1.91066232893448,2.0451601555243
"6",1.07378261799962,1.12452428987007,1.16625504916346,1.22010604292646,1.23013437447393,1.2650787521057,1.27366350124041,1.21648678960707,1.20323329183473,1.26182067910089,1.16341623344811,1.18673196112042,1.26388716686246,1.18655970263959,0.941334371345846,1.46061374271712,1.47725376710394,1.51719201779942,1.55999442412013,1.59040077909549,1.63058120467416,1.6691537709865,1.73208743419887,1.79429909953259,1.76159890778455,1.88244394441641,1.89962955136738,1.82692770694105,1.92020723885663,2.17077870848285
"7",1.07072998133659,1.14582768903831,1.19614375767268,1.21665039826212,1.25062497022835,1.26020539407593,1.27677764936829,1.2753779871833,1.2595313178788,1.17784186324806,1.28042782315571,1.06759418950761,1.23141384463966,1.05325838037524,1.26874268296162,1.44744406425925,1.4847856227874,1.52714016496557,1.56097342122516,1.60603724590065,1.63058957364221,1.63683275478185,1.6993265487523,1.75045407808228,1.8628813120769,1.76250390393148,1.98208959225198,1.85448366152563,2.0496062235246,1.83889805978753
"8",1.06944657646394,1.12952406256726,1.17720029918732,1.22598514881132,1.23781961250046,1.25316446422224,1.06023457940871,1.28261609729778,1.31360785898257,1.26873078185956,1.29305706256427,1.27058994414425,1.05623787561287,0.605464985585177,1.2564903509339,1.46600435500866,1.48964283924314,1.5273768558608,1.56689122730648,1.62115663610446,1.65506274792762,1.86038226166501,1.70614110477519,1.69933786040671,1.7720716498443,1.77074213732344,1.82258623430211,2.03439758320294,2.50068279197883,1.84409090901358
"9",1.07814768956377,1.14525560524673,1.16900000953039,1.22470332107901,1.24833509358876,1.26674905953702,1.23592066465166,1.21986299643811,1.2439027199262,1.19593845406327,1.20839836076602,1.23488977477459,1.24649227697352,1.30881252773669,1.15957528074614,1.46295250073678,1.52234750176605,1.5225421000931,1.56771750215833,1.58728652355588,1.64720352506305,1.70006400694291,1.73350127246367,1.733733258643,1.84149268341172,1.8379801363315,1.85348093096701,1.86339441149597,1.79780668645725,1.95438420300588
"10",1.06323174790612,1.11817773163709,1.17536975134625,1.21066095824335,1.22696890709676,1.25066252831827,1.23774858986625,1.25262913674491,1.29202091966539,1.15274362609983,1.28232287449359,1.0876185792395,0.969311205304118,1.27149280333643,1.28330854883431,1.45930970632627,1.4910290458607,1.53027330083416,1.57149827321312,1.64020918341516,1.64393670848288,1.70798932584156,1.71298659328168,1.70912476666527,1.86773175975618,1.77506107896741,1.96463923627445,2.12563868246976,1.82799388909971,1.84018098512164
"11",1.08616770559835,1.12851041448614,1.17387068089736,1.21819727602824,1.23487953494902,1.26944735800186,1.27029905281582,1.27018524064158,1.23266237934129,1.2528218795777,1.22665954671335,1.26327629032793,1.02144592011697,1.31624621518571,0.92045672553774,1.47168824603886,1.49989779888389,1.51685434525753,1.58930038252357,1.58708694183799,1.63247757117406,1.67132188968238,1.70948565369636,1.76221968268977,1.75704269383645,1.8226692097865,1.82850511535335,2.05807121301475,1.79575325216875,2.18965411683445
"12",1.07096150572025,1.13635000258635,1.18062375172976,1.20717460823664,1.25740956118086,1.28207356249414,1.25350635381679,1.28408535695281,1.30101599298308,1.27691982192885,1.26853713280482,1.12402196530031,0.993282200802592,1.02486756429104,1.12465285098689,1.47870376708508,1.50511456065348,1.54680792610966,1.58544802403252,1.5939254113975,1.62566197336104,1.69224321753262,1.6690983771977,1.71529112980997,1.74899471655177,1.78053518211136,1.94161632765003,2.08491486097445,2.08132180388171,1.99674145274562
"13",1.07278629149818,1.12415706619274,1.17145232026307,1.22530298576782,1.24723714408456,1.26652034402941,1.23877664474053,1.21905820614555,1.26767619853224,1.30455460603859,1.22175168653851,1.14172029996369,1.29327099614125,1.04857407606942,1.22436659695038,1.45457567641208,1.49010121946893,1.52929050843816,1.55716733466452,1.59194909201684,1.63105297207957,1.71052584236539,1.7367200698524,1.73161523076604,1.75314719631276,1.81788073570146,1.94392668688725,1.791988298452,2.03296175028273,1.89786492105489
"14",1.06871980607685,1.12200455007434,1.1896519833624,1.20134461304073,1.26493317579984,1.25662800558213,1.27262091329156,1.31826397499558,1.30686740191051,1.19938195492848,1.23649636735562,1.26314674794598,1.24122425294897,1.10842208973059,1.05469396899632,1.44656073969603,1.49846047348135,1.52888050273186,1.55606466243295,1.59974549059488,1.64826989626683,1.63645377515164,1.68309948510272,1.69509340889486,1.85292283001122,1.79515375551171,1.8110486751058,1.86930656227817,2.00887165774935,2.05926068015128
"15",1.063983641075,1.14245376933919,1.17381297972561,1.21228730331777,1.22475638182348,1.22718155179776,1.28714512212031,1.21563389858266,1.22847303500143,1.30506206327362,1.25618228137173,1.06098466280307,0.86659589144826,0.854054827405072,-0.253410919453253,1.45773173014048,1.50909472169457,1.51911714437519,1.57803193581909,1.60706136380267,1.64117921732368,1.63675495757579,1.76215809721644,1.7604157358278,1.73721668210119,1.80281301304012,1.9956280797352,2.20777064261361,2.2365237192839,3.35419336733846
"16",1.05506097792172,1.14519541013722,1.15751097528775,1.22023119800286,1.24728742994697,1.27526339074682,1.2426311224609,1.28577824404744,1.27005214928809,1.20056859286121,1.21558548647407,1.27172751946308,1.17811726516167,-0.604724142059784,0.557988976541312,1.46056958080629,1.50335293940952,1.53115423004791,1.55542943803199,1.58871907875157,1.60409303410856,1.67441419433478,1.70264069198315,1.73215599682843,1.8273898739201,1.82913036386694,1.80297542570832,1.88895318655073,3.71495715310564,2.554140356326
"17",1.06386535869513,1.13998201520644,1.18280037573427,1.21786296594587,1.2471700432389,1.2644629728103,1.29038298355329,1.26513910456105,1.18850929526466,1.20434814509132,1.20871839142749,1.21569463293715,1.02296286103024,0.795433343574047,1.02327095886696,1.45027582243334,1.50020142826215,1.53560702972164,1.5735664433899,1.59536968544882,1.6472161904807,1.65144944276891,1.7080025034218,1.82221106684263,1.83431900730765,1.82949339349097,1.85526430893318,2.05742654059867,2.29158466918318,2.08940111219045
"18",1.07748317846259,1.14483976805044,1.17856730527403,1.21225156330046,1.23933813394519,1.23353354594051,1.23168780587884,1.27354696578909,1.26056926420667,1.15423739314319,1.17089090815853,1.13456975972261,1.26865204468183,1.28308045632764,-2.61822682763103,1.47729655603382,1.47811628323073,1.53155665284194,1.56519666453386,1.60242148346518,1.66571365809971,1.71900191669873,1.7004449384354,1.74292113074805,1.86862815543408,1.8682378709411,1.91353977578458,1.81177916421318,1.81661084070196,5.71973920927948
"19",1.05112254488797,1.13191211684649,1.1678039363841,1.22272660430362,1.22927397755355,1.26391603011161,1.19414579232732,1.26471789569529,1.29064607666781,1.25085606038941,1.25434693274948,1.29660319743133,0.967616614838975,1.07352776830449,0.955962463177537,1.46228418786811,1.49009780868531,1.52866814327197,1.55772202256921,1.60749844264268,1.65916008832076,1.74548122620967,1.70565013911235,1.71927774089889,1.78117624435751,1.79031456197688,1.76068192525077,2.1176529241971,2.02549022913158,2.15068558486157
"20",1.08456189041028,1.12983331147983,1.18802691544145,1.2264201163249,1.26110485317306,1.2624184962434,1.2298443942732,1.21749819220006,1.24229486228893,1.16284234510448,1.20790317753384,1.1559481157333,1.18415164823393,1.21621815517625,0.92068565130244,1.46422278667443,1.48764035195719,1.52263178809995,1.56199808163922,1.60375344906413,1.63901602656109,1.69669256365135,1.77073731981113,1.7872613422086,1.86454645244939,1.82465464903164,1.92053698543466,1.88787618798619,1.85227710990135,2.18777911271951
"21",1.07703887963589,1.13176115181943,1.193626139982,1.21867756392866,1.24234402532519,1.26993313087219,1.27147744031414,1.27963628342562,1.24746461943855,1.24519179827708,1.24849086492104,1.20923344476609,1.1940347742816,0.852378319995815,1.26700404466642,1.47187990090444,1.49564694231068,1.53612025855205,1.56994136563345,1.58907809371806,1.63440242632127,1.67407051605061,1.70582511020856,1.75154459490186,1.76743710680195,1.81097442076137,1.87937382143198,1.89783912889176,2.24869708568039,1.85079151775961
"22",1.05404438611234,1.10909655932597,1.17868654254248,1.23464916199651,1.21525354942179,1.24015275603047,1.26457095012421,1.29874545726286,1.30060182782969,1.30834462400773,1.27154127674011,1.25113835588328,1.14230371823529,0.823092930945166,1.30529075078995,1.4541228522918,1.48893970411489,1.52110381174401,1.58512962983344,1.6109086937792,1.6417443406257,1.671868958961,1.66798786042504,1.71413310326953,1.71102513202113,1.78141094801845,1.79949134780098,1.93713744788843,2.27959455712922,1.80719826112261
"23",1.06285827052308,1.12509047744713,1.18694053447383,1.21662047452892,1.22070563913198,1.28611548082243,1.25738959451534,1.28867523446891,1.28220604454455,1.27293658308392,1.24000452835953,0.963609414056168,1.31943543120361,1.12748592783162,1.13126471431281,1.43834556257913,1.50458541331347,1.52694032419952,1.56687625281209,1.60030646350965,1.64707494580333,1.67470989018582,1.685110677767,1.72060734081054,1.77130726973057,1.80552445546142,2.09742218640098,1.77590580002688,1.97814746927985,1.98011817236917
"24",1.05678844328447,1.12486489737187,1.17645283966955,1.24241700555008,1.24084597551109,1.22975742390542,1.27954410399045,1.25502978092725,1.31085790219673,1.26270609998971,1.25136717600799,1.25279567949047,1.09004022174629,1.136463342253,1.12602976126579,1.45519674832104,1.49926073064708,1.51846733729341,1.5662630425761,1.59690860503177,1.66395518678284,1.6615888318187,1.71333362378028,1.7049243633759,1.77137889394349,1.79539766242147,1.81421951461614,1.9948729535286,1.95307405243906,1.9825064949405
"25",1.07499492486552,1.1150930985736,1.19342501685627,1.22503696056922,1.24028316585043,1.24833642078225,1.27186690801532,1.3011694838604,1.15603806523145,1.16335839823204,1.28817314712785,1.14574296083733,1.23050677243671,1.08814387384801,1.32484543746637,1.47690195993562,1.48266272055623,1.52997731029743,1.55895088356042,1.60152239381753,1.6243282560389,1.66919183409356,1.68670007631634,1.85105785755352,1.85096545051645,1.74319071469073,1.91687416000533,1.8686894375443,2.01016977859773,1.796722366026
"26",1.07317732424926,1.1269844843637,1.19624899280301,1.22123134251446,1.25350961967938,1.27629858207245,1.28515672863464,1.32140991177652,1.26457939917413,1.24930798031094,1.23633120859829,1.20907793861564,1.17626020182922,1.07674851022904,1.10406421580056,1.47723185243393,1.48473915795703,1.53131689018787,1.5532983236183,1.60381917614137,1.62092843355267,1.64939483788012,1.65881486390939,1.76768350928599,1.77905642957324,1.82368093517197,1.83823662706831,1.89357504006526,2.02919807880167,2.03188134368066
"27",1.04307849234127,1.12739294179561,1.16003582518472,1.22788546733162,1.25722996709306,1.25238123502322,1.26864207720824,1.21340188254362,1.25618496334876,0.98027262111937,1.03102570566162,1.21190653593483,0.985636505945022,1.18211739976856,1.14167927043705,1.45632104510393,1.4960584329887,1.51521096789907,1.56941201533904,1.59357369799002,1.64937364482706,1.65366523948812,1.74495700282744,1.77179948135163,2.05697114430743,2.03802735128442,1.84891347892635,2.09409423840226,1.91541269262242,1.96614477486331
"28",1.06865353444194,1.12948170805644,1.17713910110173,1.21469131034847,1.24004017827064,1.24657524565671,1.29247883802847,1.29704708294413,1.26578400142188,1.32890642660242,1.23155579461065,1.1818569311198,1.21164727077712,1.16940775199948,1.23038709448964,1.47911849834607,1.49547531083903,1.55253118362541,1.5686442895416,1.60105226282866,1.66152176071917,1.65094993297139,1.67229643144506,1.71853014172083,1.69646584005643,1.82740826365331,1.89765769452467,1.88360690424526,1.94298208719372,1.88333136665878
"29",1.06040009337616,1.14868518923208,1.17996975884478,1.22144117009486,1.24447395092765,1.22921350701966,1.26196785187505,1.27032392526922,1.28724976184271,1.21698214725156,1.27660840191962,1.10194382908238,1.01758537631192,1.00228296052984,0.21317157343812,1.46312890502554,1.50240504395488,1.54429919313236,1.56606505368954,1.58720773237753,1.66896500284505,1.67407844576029,1.68532162489992,1.72308555335301,1.81604913915962,1.77346542210863,1.96603281699097,2.06741796961798,2.09312005756595,2.89649929693063
"30",1.07450368408348,1.14355254611581,1.17215424716252,1.18757065829475,1.21251023055689,1.24526430596888,1.26049955030521,1.29298066662818,1.21736674138969,1.22097878463814,1.14385006116517,1.00472787700357,1.26888896757952,0.949784851865805,-2.06253628374401,1.46794042510347,1.50871292011575,1.53992678056398,1.56416671072347,1.61806367419441,1.65759376580327,1.66148482101741,1.68612429090907,1.77606362520886,1.78406377594229,1.90338803291238,2.06612471840665,1.81859037821056,2.1440195085293,5.17691570188123
"31",1.07012540799051,1.13482277026822,1.16422957662685,1.23009001098011,1.24378232361685,1.26865053157499,1.18409864225904,1.26287137778397,1.27671643239447,1.25797419756433,1.27688616394617,1.20657774731164,1.27739765630394,1.14556419686533,0.871593284940585,1.45514203735826,1.50911354798665,1.52708293110308,1.56562487008072,1.58726785421888,1.63655298500254,1.76449596928602,1.72281180493787,1.73386547849543,1.7884304826348,1.76272558969797,1.85357167711555,1.82401524374369,1.94025867997737,2.23659844168184
"32",1.06234398388379,1.11912922533612,1.18036006935176,1.21411435142584,1.25030572683759,1.24599397227596,1.26196677820929,1.14663840385489,1.2671859648512,1.30054485227754,1.13023344417142,1.22060684028957,1.19277066553515,1.04034976294297,1.13722555104255,1.44354910225889,1.48781285048345,1.52098520924475,1.55321823297955,1.59391822565465,1.65609951881173,1.66239750945167,1.82618434483192,1.71913477886797,1.739266369086,1.9158535199111,1.85536929642201,1.88643202108905,2.04611489270929,1.97950039386707
"33",1.09382275799779,1.12774952376588,1.17961893013858,1.21476723809436,1.24065989910023,1.24695546728333,1.2435106905007,1.27119668236681,1.28851714726588,1.24175335899029,1.03812962248194,1.23764679243971,0.824822756840672,1.36238635969198,0.876222411802805,1.45881013688871,1.47427041681754,1.51867883176607,1.57119674917899,1.59624557721067,1.63411459225954,1.69653160839472,1.6979923972699,1.71785943456435,1.77531312317032,2.01068738656347,1.83360179534113,2.25592775506469,1.74499898206695,2.23727177470837
"34",1.08076515651634,1.15417942511634,1.18791613169603,1.23796948048513,1.23312398915376,1.25872739364951,1.30124951795735,1.15323085041772,1.21713559372503,1.24534115824913,1.26421634430779,1.26163141557114,1.31201232029357,1.06536312885267,0.996311320898892,1.43631779704422,1.5027097774817,1.53000681759843,1.57389033968062,1.60913284183268,1.62478941255507,1.63998923182931,1.82380340939997,1.76635566242036,1.78691866154882,1.79696740056784,1.79661676966598,1.77502573561536,2.02432179218107,2.12114966919845
"35",1.07333542813042,1.15930470676379,1.17160368610007,1.2246922860036,1.22526867714964,1.25971630058325,1.22142987370372,1.25181937408218,1.28252357293772,1.26111508586245,1.2259380667918,1.03793636602983,0.747762336947497,0.498675094131406,0.91921187464315,1.46347025136847,1.49277925267001,1.52082001267495,1.55245000749458,1.61737642690768,1.62331989241982,1.69739041116225,1.72514960230068,1.71029605485842,1.75851626262972,1.81711790943457,2.05539389684412,2.36361457090484,2.60192553779688,2.20037045394005
"36",1.08088305411645,1.13725926108314,1.15784409203797,1.21725319172489,1.25324592448565,1.28169992273882,1.27393937525934,1.25856821866356,1.30348995204208,1.21558349120555,1.28402295788221,1.28202440985612,1.11345723845793,1.10466777434601,0.927024739345496,1.45717971964849,1.48774209072959,1.53034357886651,1.55642642572972,1.5913147751621,1.61228418193002,1.6355011754736,1.72683417015678,1.69610046258598,1.81213379315016,1.76259596251726,1.78981243444058,1.98489202362375,2.00081134841655,2.18642573862572
"37",1.06187429748864,1.14437189833735,1.18799809672797,1.22020820673236,1.25611270939593,1.23739313824951,1.27843030551152,1.27811051486345,1.2803190074737,1.21071991762589,1.14925053705291,1.24319986613977,1.10134880751242,0.849542502321952,1.19505086016795,1.44520876354268,1.49926750592554,1.5148201695273,1.58242958686991,1.59550012897501,1.64618110368656,1.66107724776667,1.70211596862134,1.73532003256791,1.80774058650831,1.92633142230416,1.82941041833826,2.00102739093376,2.25878630833284,1.92514670456745
"38",1.0515416916478,1.14518073730646,1.19153261911052,1.22919293290404,1.26718253337373,1.278479680253,1.23672669193464,1.21324141390149,1.190658238543,1.10300978189803,1.26473171419276,1.06362326737403,0.851565168318719,1.03784694206594,1.20303731088721,1.44595454604,1.49510924281494,1.52845141725616,1.57142302322621,1.59672554230157,1.64217385898806,1.69635810123437,1.7874097385422,1.8116960913218,1.92670684412613,1.77277144879572,2.00874111547097,2.22799754445169,2.0700026092382,1.90996770408163
"39",1.0677386879616,1.13762278170185,1.16833954535781,1.20619225060658,1.25792958995495,1.23224038199771,1.28626345930647,1.22843159529842,1.31331586324507,1.15503980022652,1.27690181411808,1.03046554206859,1.28755236279526,1.23510002145288,0.968922879055756,1.46047478726664,1.4939743939187,1.5267672240309,1.56249729300008,1.59324034798007,1.68010411141046,1.66369575635463,1.7303775471714,1.71420573743935,1.87774353725754,1.77780007879211,2.05039461629972,1.7987095959205,1.85826185754047,2.13440984470179
"40",1.07983048377581,1.13690682386513,1.18068239555918,1.21936183027662,1.23492560877958,1.26759256707896,1.27331269961611,1.27365562963296,1.20137697069243,1.24490769651433,1.28731828160787,1.16412280634114,1.25218426736157,0.689463284923957,1.11907622622751,1.43784108296267,1.51011215420272,1.53828338698844,1.57625488383075,1.61095989421972,1.62246520047987,1.64562600123285,1.69604412340833,1.82863693061246,1.75916610970312,1.77455612805821,1.91079775114451,1.83079473355922,2.42192347777605,1.99832340307309
"41",1.05967177418687,1.13553652151423,1.18827960256582,1.20914179193647,1.22101060370012,1.2630733379772,1.27164080207539,1.26861767012861,1.17435687016095,1.23116966922024,0.998806274971394,1.20788360017732,1.2107611427982,0.554111087534048,1.01589058253375,1.46763563433969,1.50368594302742,1.53985075908333,1.5688846602616,1.61540327591374,1.62858316717749,1.66701009679059,1.70313041323253,1.83912034659041,1.78556290096405,2.04033206214743,1.87790340130138,1.87880047403443,2.53509470129039,2.12463094594539
"42",1.06690373620188,1.15211544341592,1.18062918488855,1.19648804827078,1.23236372468798,1.22781697151201,1.28012348043173,1.26767510216958,1.29068751489264,1.17472887405357,1.18552734726746,1.24912373408236,1.2146492823795,1.18882542302007,0.93671573230721,1.47081428280303,1.50100169197454,1.5357714179841,1.56293838431878,1.61337526134195,1.62350318287844,1.65104948396528,1.69989945606724,1.69372396706667,1.8442242851101,1.87415722624073,1.82236736040048,1.85597015401809,1.92449738913691,2.17413658407613
"43",1.07318851747714,1.13379564812854,1.17549898557271,1.22971077949598,1.21363036661042,1.2461810536827,1.27507455404107,1.25716644428581,1.30567582285074,1.073294962141,1.0189416632682,1.13074116596611,1.17592799575846,1.12080712255474,1.21880089382297,1.47025093841759,1.48360986106366,1.53989248007101,1.55471953173983,1.59475645428419,1.64004652065192,1.66524597889597,1.71480796944948,1.71124954791926,1.95203373342844,2.04525132020238,1.94881331140179,1.88607006019255,1.97405856840359,1.88812977164865
"44",1.10048650255217,1.13115797058167,1.1672758425387,1.21921571471871,1.24127180433176,1.22542217948718,1.2526330378056,1.25958493779896,1.28969795062384,1.26753672092744,1.22788787554087,1.07821989973382,1.24605747848752,0.990406719031937,1.12382314249314,1.46247911432603,1.49507818449678,1.5315510053055,1.56648998390947,1.61831650599835,1.64773552429018,1.65651428594622,1.71817092049563,1.71874770111447,1.76591302915964,1.82377245235295,1.98618844627265,1.83886684208406,2.12527565336331,1.98334061457076
"45",1.08572404204196,1.13761764845308,1.19237552741487,1.22360770851755,1.2526430156004,1.27473705008421,1.25969572347568,1.28611287750681,1.30704612379826,1.24017860895461,1.12565133126415,1.20169212215734,1.09925068418971,1.04835795782686,0.996643668501057,1.45031598573182,1.48759537837285,1.54760689505971,1.5597412428119,1.60586937271224,1.61772651232569,1.65988128544761,1.66727978491251,1.70796941907829,1.76168580681303,1.91498658717006,1.87868814634889,1.9847957538541,2.04648664886647,2.13569210547814
"46",1.05544470059266,1.13925329027531,1.1852539264588,1.23361628615271,1.22300773519932,1.2649980097968,1.26880513259548,1.25452149330488,1.21370979912927,1.23848764499201,1.165914194066,1.19681583305886,1.29390379276932,0.988444210067267,1.09023580570868,1.44429131128576,1.48217168021921,1.53413615382816,1.57411543641197,1.62879487370602,1.62727535059837,1.68265669736859,1.72199834286215,1.786049458302,1.79901863994196,1.89432020785039,1.85768553376825,1.80270896486492,2.1114938612606,2.05628728303715
"47",1.06823246737746,1.13764405305193,1.18680353368596,1.22725010775868,1.23402247401323,1.26011012340807,1.25522442860912,1.21653673304978,1.26758236821383,1.28396374461684,1.15661571043413,1.18259674632887,1.16106307433167,1.05729042313477,0.490271546371207,1.45544797948217,1.49501592187612,1.51831535507059,1.55706132808735,1.60182060808283,1.65098639395515,1.65047780615826,1.75991989854047,1.7167089733722,1.73855671671451,1.87764680170507,1.88059261775446,1.92076802724099,2.04682108670079,2.6113078023181
"48",1.06167950471417,1.12490847062042,1.17683895646214,1.20460143159004,1.23301350334517,1.21685331266535,1.28677330427945,1.26738030955963,1.28842510251621,1.23153784365055,1.15951670715501,1.18947427886569,1.20491587387673,1.20398526851594,1.2369506081667,1.45336997999989,1.49014828807129,1.549657624071,1.55580788268631,1.60146874711041,1.68017428199291,1.64859118830486,1.71528530873501,1.71137927000398,1.80905723119917,1.87600696231195,1.87079381404962,1.90265191103516,1.88723514586262,1.88402588008296
"49",1.07478176871814,1.15851104349785,1.17861343295573,1.21399101705821,1.23882886742464,1.27445344984136,1.2656090276638,1.31614577796392,1.21324291056873,1.23097325415711,1.09430655118241,1.25306154062634,1.18402645570921,1.11188213590854,1.01457598725088,1.47558948319603,1.510207002009,1.52109157217871,1.5606415524611,1.59574990741086,1.64593766556887,1.63856852886374,1.66443135503279,1.79701745273407,1.79784371458884,1.94151729380579,1.80013982189825,1.90608922926218,1.9747750825706,2.09319928617634
"50",1.06679524473751,1.12718669026812,1.17422654114008,1.2249705450644,1.25111313677243,1.23673973090148,1.26468110243062,1.27104766683588,1.2351811827302,1.24091130220398,1.25191427977859,0.748286257963384,1.13243207578464,1.09563893812962,1.22571715397851,1.45667268050432,1.4822623757546,1.52851457904209,1.55549299574447,1.60220448376719,1.65829474684062,1.66283503747545,1.69003348213431,1.7600818641955,1.78690664939805,1.79421054722113,2.33124458799439,1.95109459791613,2.00410832219918,1.87996303870716
"51",1.07380550438877,1.13636223714436,1.17706308675908,1.21285888185556,1.23154637070017,1.24892949599129,1.27513900990252,1.26380071489076,1.23775008490607,1.19928205353248,1.28369066129946,1.02580001895396,1.17535795860935,1.18741900832583,0.95006672147701,1.4564846093457,1.49089361080335,1.51802359212247,1.55870662539279,1.61445869261506,1.63558567996554,1.66559405917535,1.70854300393688,1.76093557140358,1.8150033147933,1.75560129069554,2.03585024358861,1.90815396695169,1.91737764684052,2.15340916045623
"52",1.07450579047071,1.12163594203107,1.17529140795363,1.20617200893295,1.22316611341804,1.27490364932924,1.27568824906937,1.27254466848834,1.22769358646491,1.29497865315494,1.09948201991048,1.22200697127632,0.935059917754699,1.06509595177436,1.05509481606802,1.45128223419875,1.48548970697188,1.53097658196314,1.55849395397627,1.60601331973604,1.618337867675,1.6474103691958,1.70127545922611,1.77404440633907,1.73219164300896,1.9522304826033,1.83094284790064,2.14107825034756,2.03168142169861,2.06924097332655
"53",1.07722825222448,1.12448111777038,1.19353978605445,1.22261260023022,1.2439937247326,1.21688038883717,1.2636248707104,1.30718564420278,1.27958655665333,1.22976433837682,1.16105447137855,1.22837137714503,1.01314073573063,0.928951975150102,1.20226380173478,1.46918647435988,1.50728757981724,1.52265106032691,1.57241628188866,1.60142553133367,1.64526251614649,1.67543900039343,1.66622156287711,1.69409194977808,1.7812443486742,1.88888738082775,1.83730200158726,2.09242934569838,2.16723021878482,1.91092853740073
"54",1.07309447865959,1.09542238503451,1.17752845701785,1.2300507956314,1.24208817765152,1.19662779577387,1.25617406595936,1.30102194720983,1.28463348710358,1.21126411443259,1.29940479253581,1.14525226365713,1.13040019511812,1.12573074871118,1.16414505586327,1.46550879099615,1.4918378108959,1.52484945162421,1.55804624196312,1.59970229904373,1.67742871509638,1.67957447145177,1.69379888828837,1.70735496582118,1.82014904028523,1.73140967827225,1.91716926359024,1.95836631070948,1.96995895255613,1.95447664203569
"55",1.06770689824359,1.1289892775759,1.18021300100937,1.2257063243512,1.24090469108117,1.23546865474906,1.27211267612695,1.27726478962472,1.25346224753625,1.25463454900793,1.1501937466919,1.11235166708763,1.09261207073806,1.16495164074934,0.8535006541915,1.46145551570873,1.47261034730068,1.52244041619334,1.59057266811831,1.60721868357245,1.6578846620058,1.67659219052073,1.70992008169383,1.75188259441676,1.7725408152033,1.89893413253235,1.95752650914307,1.98109260596495,1.93556636981295,2.26073579251936
"56",1.08302454803712,1.15682101260271,1.18486282232877,1.21793722293789,1.24842638691006,1.23737150193964,1.27215634934232,1.24538908228567,1.2761236684419,1.21841134622773,1.26959404412649,1.31122591612628,0.931318557048987,1.23912891294762,0.421465538098466,1.45630454107135,1.49182384087764,1.53401456580066,1.55551434932559,1.59864217355756,1.62982380544476,1.65892031285692,1.71176724894936,1.71189492743304,1.82653025767781,1.78086598911489,1.76149303372111,2.16292218246812,1.86238007205958,2.6893508311662
"57",1.09237192120171,1.14480218497546,1.16296709857708,1.20142580145156,1.23102561718266,1.25361113377484,1.14420601556497,1.27475924627239,1.25685109864341,1.2075818012496,1.27560372860704,1.23569435335983,0.960380780238331,1.0507661673151,0.896930937205199,1.46426530863354,1.50209149519455,1.51423802073092,1.56573400066523,1.61049212655592,1.60582239240464,1.77681278020503,1.72030854055278,1.73542954170079,1.83148541654433,1.79221987489271,1.8238234701656,2.14171476081115,2.05023731570329,2.21753170573496
"58",1.06997926624051,1.13718147471822,1.18854087191173,1.2203603375349,1.2417416884013,1.24330972955652,1.21229650291201,1.279926608069,1.18824201662286,1.26811919608341,1.27654727177449,1.23196363923932,1.22311815919481,1.26107996154411,0.496329596193403,1.44960292947991,1.50027043015377,1.52422072533609,1.55944548752222,1.60501023944302,1.65962538939893,1.71830809480857,1.70715307478414,1.79758554813534,1.7585315695278,1.74607038802582,1.83438294667893,1.88829707334925,1.84358542851324,2.60323354918541
"59",1.06951119852748,1.11072504610261,1.18923586042749,1.21966703336847,1.22987441139593,1.26863553928847,1.24147729616762,1.29120331110912,1.22993430424515,1.17692930773707,1.20013741006125,1.01664095992589,1.18993054755362,1.16742918752524,0.934085502112262,1.45879927704709,1.49549374749015,1.5135629708338,1.55465467434655,1.60004046350164,1.62154816109953,1.71194160620983,1.67156712427743,1.76438012158336,1.86446476466893,1.85278890938541,2.04461819453881,1.88478847871136,1.9515632804369,2.16434742976264
"60",1.06994456279655,1.13947531927595,1.17280928783334,1.20273425533231,1.25037815742804,1.25641848772444,1.29263452903591,1.31335928785164,1.2171539569065,1.2541885833455,1.18946159046268,1.06292677498133,1.22286835495123,0.882931982399662,1.117724749134,1.44699243794372,1.47351573818851,1.52349684969428,1.54461106941251,1.58933964655859,1.64291168258517,1.6438625200643,1.66997725944679,1.75320957797055,1.75093925270888,1.84834254023309,2.00991833407572,1.86190699479242,2.20517637919166,2.01846369096138
"61",1.07547673842978,1.15754452217647,1.17348520796374,1.21251928908332,1.22515161197781,1.26375990176928,1.24586861282508,1.25424855401268,1.27922455575766,1.24395144477082,1.24588369577211,1.19789335860375,1.06116152744669,0.842655025197935,1.08635636245501,1.45988602683096,1.51587576938385,1.51264982134419,1.59133344941392,1.61062239475978,1.64174488719978,1.69959710814324,1.71949033781162,1.70869666049694,1.79787786096219,1.79309877064117,1.88614755740066,2.02675720638052,2.2539325433187,2.033203377316
"62",1.06582669423243,1.134501354251,1.18072865719727,1.2219883484213,1.21863563506134,1.26384583743548,1.26863068845788,1.25014111280385,1.24939018475948,1.29222590444364,1.30352215391151,0.979447041166251,0.802326433842145,1.24914444536549,1.04571501917688,1.46411902584893,1.49906972359678,1.51918131299353,1.57530539111607,1.58586083350392,1.60581260640372,1.6458743375606,1.71123094682952,1.74096500707903,1.73582323294015,1.76829211069614,2.09922058757077,2.28359865846715,1.86671741835172,2.06289179624995
"63",1.08326334743958,1.13438279817368,1.17552185521198,1.23084348113783,1.22903383558605,1.26668912237027,1.26450613571732,1.26471943205922,1.29995792451679,1.25947730854129,1.14430397236324,0.742206680763711,1.04641416333768,1.20444320273428,1.10592160624721,1.46171974983741,1.49292909261079,1.5169800825687,1.56685545030699,1.57837523223894,1.62690095406937,1.67112968053147,1.6897869898156,1.70560608934859,1.7978264599082,1.88378467878927,2.34303603975911,2.03201664892857,1.86294165011349,1.99227427764035
"64",1.0727121444197,1.13065509682426,1.17107026080874,1.22135263559918,1.25464125350839,1.25413456539019,1.24956000612467,1.25876806217371,1.21422941835587,1.23595109723767,1.32014065873023,1.16538201580274,1.2306864973902,1.24501414318149,1.21052716027186,1.45980969958239,1.48698960179778,1.54111285399686,1.55659536526206,1.59149580133311,1.63028818538858,1.68514641574663,1.72000488026664,1.80327311503494,1.78854643169351,1.73275906844082,1.89842345473124,1.85657802168447,1.85449238816122,1.92791410139039
"65",1.06908453438182,1.14529334496202,1.19533773903015,1.21107688834044,1.23666756619836,1.25790485906937,1.28086308563535,1.17479721302045,1.23792940070359,1.25471154615739,1.28491984759241,1.28390817562774,1.27660833773432,0.757017222067974,1.01445235133581,1.47308520708848,1.49936441146334,1.55426458005765,1.5524946257441,1.60702735771269,1.625207610172,1.64802658279795,1.78953310036081,1.73564789301337,1.79180437278232,1.77087035761897,1.78098988083213,1.79959440818735,2.34260111526769,2.09671807418492
"66",1.06930628319538,1.14272604650656,1.16494906343168,1.21538170592104,1.19983891270941,1.23600536919258,1.25748438721574,1.14813534250755,1.28074071066353,1.17907564121508,1.25089255253648,1.28395046960495,1.09190044578809,1.26692383507426,1.01899125478475,1.47411488315579,1.4989600046383,1.52019941948762,1.56959922561167,1.63440674283371,1.63927725786304,1.66212341130446,1.82671596617337,1.720191503314,1.8735248349928,1.80202680096659,1.7912250776129,1.99401888868275,1.83642589257718,2.06698410405773
"67",1.09364452530858,1.13736198110003,1.20401438646996,1.21390361210125,1.20439315393699,1.24235458351608,1.24922052526518,1.29351140508051,1.26872775011608,1.29496257807219,1.28113771837202,0.97134170128675,1.14493808595182,1.29273574141899,0.920000822954657,1.46765902442826,1.49283323322901,1.52546919240714,1.56343333829465,1.6201253965601,1.64191521359666,1.70092815942329,1.68201131526656,1.75463809730767,1.72154233445016,1.76833422648606,2.09407357082331,1.9678887815838,1.80516327365294,2.18805749133488
"68",1.07818328199043,1.13521272154851,1.19355100063411,1.22171616798431,1.22951161915425,1.22451624743313,1.25944302515707,1.28652308598233,1.24811509057126,1.26882042525168,1.11049386744209,1.32750985189977,1.29529855398559,1.15678935611783,1.14147280094362,1.47215265352616,1.49256907849185,1.52865991341413,1.55776444026734,1.58231591453534,1.65479515924486,1.66561044451713,1.68627724791454,1.74773284126056,1.76547313336004,1.93706060163994,1.74215682559687,1.80726737643872,1.94143448072862,1.96568339830098
"69",1.07731320459452,1.13491371833558,1.19182116208917,1.22504041050045,1.25000400718532,1.25420957230391,1.25773659781094,1.248357185285,1.26821406187434,1.31550062509937,1.18339308741142,1.25457667182484,1.21350148876404,1.21321831239988,1.19272613407912,1.46928363618915,1.50687443087447,1.53394105434202,1.56668773886257,1.59980518402604,1.63200790955924,1.67511695411622,1.72156652835674,1.73963970770438,1.7153821458292,1.85822483099502,1.81713654111717,1.88698378262728,1.8851018133056,1.91919720521342
"70",1.10090239102464,1.12812453916115,1.17213737386129,1.21693764880725,1.25349503371238,1.25626483577809,1.25848637046648,1.30140671851087,1.27508593815405,1.17498376817013,1.27486597629544,1.23073576192158,0.829852661427093,1.08623560829091,1.00964209504469,1.46658403796801,1.47328034824211,1.53679400042933,1.55651018346935,1.61812035802492,1.65887669722925,1.67696327834026,1.66492677133027,1.73087868101941,1.85408532689396,1.76534951202671,1.84553779534029,2.2546899848683,2.00607205947557,2.10437138977077
"71",1.07973883900692,1.12662931220546,1.17819829585191,1.21482028765374,1.18353167635181,1.27401445991082,1.2247977508789,1.28890532940656,1.30862395611398,1.23381212372735,1.26460740849746,1.29177275156199,1.2543021951113,1.20044358840092,1.21827958868167,1.4594913278541,1.50648851285136,1.53722688533097,1.56068903877396,1.63639327041011,1.62500239270028,1.69273086607063,1.67077754206421,1.71407778806718,1.80085178932481,1.78038393772729,1.77390056259098,1.82001611781209,1.89793656124023,1.88104005708295
"72",1.06282264180769,1.12948709617341,1.17953523990241,1.1997387310258,1.21932064697703,1.25269106358098,1.2704011404242,1.22668757526822,1.18419637435756,1.28267605605538,1.22222247270185,1.31028945351065,1.01535188687055,1.13306016080646,0.9823935783628,1.43419862113981,1.48766904235681,1.53146547793595,1.56188891818487,1.60549681904224,1.63064501091957,1.6573510331791,1.74084488850812,1.81352854470406,1.72631254343747,1.82132537857615,1.76953176650808,2.09983212458145,1.96296958766874,2.10100663142106
"73",1.04971287342298,1.12437650616303,1.18397188820245,1.21331013591221,1.23414323708722,1.26356628308624,1.27379768258936,1.28657940021206,1.00490119069551,1.29995517361147,1.32368084227559,1.10465978411436,1.21395669107372,0.552327630748893,1.05380249645983,1.45393547088889,1.47560747696299,1.5404913266379,1.55889954678466,1.6121579345073,1.63004037211408,1.66805221294858,1.68684236666058,1.99314292664476,1.72692671880528,1.73297783451972,1.96692073933117,1.87215670823475,2.54384710150613,2.05460064085682
"74",1.05889642830004,1.13577393319939,1.18152833472804,1.2201775734791,1.24571104362226,1.25724870734304,1.2130666312871,1.28718100121362,1.25896503318495,1.18551109261208,1.15537399044118,1.17818283271535,1.16507802886401,1.10945358225321,1.0964712905284,1.43716468414703,1.50574108822542,1.52389669434102,1.55419527949461,1.58269439882108,1.6211704389594,1.70698202292684,1.68887019342066,1.73027453196328,1.83529325211651,1.90366486900412,1.90127556518962,1.92688024701113,1.99826351322891,2.01464263829305
"75",1.06794927338813,1.14993517188692,1.17400178865643,1.18764057368087,1.20869480118051,1.24283468711148,1.28298296350234,1.26383676461953,1.16344712393188,1.22186842224504,1.22705594024837,1.21666919926295,1.30573369988469,1.05181124378204,1.15933507867794,1.46049345146711,1.48550261955584,1.53262231154613,1.58357966930104,1.60328035446097,1.65968413012,1.65567647488981,1.71536529463085,1.83062669902304,1.8220226236672,1.82056198267092,1.85672415768409,1.78062578064863,2.06354669356567,1.95867983804672
"76",1.0782691773771,1.15219149490297,1.17313649118079,1.20979274901201,1.22573240863113,1.2316923785238,1.2404403235678,1.26960417398755,1.27456673061866,1.29173703262221,1.20002594834712,1.21579928278541,1.17999061698101,0.871799174414899,1.20612474068596,1.46685699981349,1.50461740715634,1.51397782964868,1.557914476378,1.59716639669762,1.65334478057138,1.69663956802733,1.69301880330194,1.73159394079112,1.74450260485232,1.84599259669852,1.88198448966874,1.91265875167414,2.21112342399891,1.89230252153352
"77",1.06894947393267,1.15032407880649,1.17964023595726,1.19828789312493,1.21992479976465,1.23795084550598,1.25958027820536,1.26887103179879,1.22494529220605,1.23705752440871,1.21417342384065,1.01954911584283,1.30439977174546,0.823720710899078,0.973769267373736,1.46788760099827,1.48370288042859,1.53322968205533,1.55986101526225,1.63090149601947,1.62451117922307,1.65949131371771,1.68508903449622,1.78543188365967,1.78326103900814,1.83390310885338,2.06373322331296,1.79435908128517,2.27615409570715,2.13063938732518
"78",1.06505928954916,1.12477485799969,1.18109514457446,1.19840132633676,1.24921354271305,1.28793319530824,1.27150769387733,1.27376868154988,1.21266038812407,1.28058893578171,1.24657654147848,1.2295647965387,1.2337930142664,1.00236002554843,0.932222284378156,1.46943633524555,1.48617009043082,1.54055441875165,1.54702002812008,1.58988675227679,1.61405662408362,1.66444932671744,1.70482265959169,1.78129916203386,1.74526113481953,1.79686971430078,1.85439819519193,1.8634259894358,2.11213451958251,2.16490036874715
"79",1.07392214323524,1.16271330590452,1.17823324921258,1.22236758524352,1.26133279466687,1.2628220461785,1.25128112319058,1.28814203708964,1.16005316666625,1.27247338028585,1.02346795414791,1.15333627908581,1.19098581722861,1.20452265940531,1.19361403623862,1.45536624039011,1.51385916469363,1.53122811275731,1.56460116665798,1.61390997252533,1.62447595399225,1.6993549243548,1.6833770352326,1.84314183154844,1.75815640308277,2.02914634990777,1.92684418328183,1.90733326751055,1.89685079383051,1.90737474171556
"80",1.07561614420768,1.14506476275043,1.18103071654323,1.21519377687261,1.23273646848055,1.25439848359233,1.27875775021519,0.984992130735922,1.29265885059443,1.17771146054736,1.16005865005182,1.05137046684038,1.20505737893318,1.18233344648117,0.876116417201454,1.45036930324716,1.48659422070941,1.5210543247059,1.56814099118679,1.60604088092902,1.62373576642727,1.67497655155782,1.95999465400618,1.70619183965904,1.83243933695694,1.89262013491019,2.03107672537836,1.8581445303298,1.90630375966408,2.21870746887167
"81",1.07797199764198,1.12092545347527,1.16699859835905,1.22689823718918,1.2527396705354,1.26330779533118,1.27300710127982,1.2445655670238,1.20544032066331,1.27045367402436,1.25362081159161,1.24282530057656,1.24432531374784,1.22567552074399,0.820705872771565,1.46196260773904,1.47647197528153,1.51838816792191,1.58047496837028,1.5919158100783,1.62160661103253,1.64512604865043,1.71596332495857,1.76944421249682,1.75811880749686,1.79699211111718,1.81448562539178,1.83780011808709,1.87130898318254,2.28781615983997
"82",1.0758647303978,1.13155981871807,1.17396750649191,1.21465140602039,1.22733145613205,1.24931468335776,1.26287353981482,1.29120398497102,1.31786381652058,1.22662965134105,1.22481127240737,1.28303810433695,1.11906519691377,1.24751220086209,1.2661083047105,1.44805008296604,1.50048721971168,1.5217317258099,1.57789832978892,1.59160751495204,1.61975676736987,1.65365191429006,1.6981951560281,1.70278841100844,1.79818573669907,1.79386331180456,1.77745661324623,1.9770057561235,1.83997334689204,1.85896094875139
"83",1.07442552057735,1.13362572677423,1.17605586464443,1.22372394456135,1.24554665789248,1.19550062302819,1.27170125220093,1.27602776815929,1.28227013744329,1.20438751802964,1.24190672359462,1.2866737244541,1.28488328007531,1.19753761680129,0.996352057068018,1.46932183743788,1.48576868580237,1.52007653526,1.56991318370591,1.5931705510992,1.68433014450116,1.6401873843736,1.69382756594865,1.71866428122157,1.83760645005443,1.82414139405617,1.7725049751771,1.80184848640526,1.91561866477352,2.11795710947651
"84",1.07493030700703,1.13846396045284,1.17639432320615,1.22038520750982,1.24659981060139,1.26071051607398,1.29247761506132,1.27521199824934,1.24585780138117,1.26506078337315,1.25712083788808,1.16746808990889,1.29202924572805,1.20833934526178,1.15096464608224,1.45604211247232,1.50873084672224,1.53661822460463,1.55829422623303,1.60802244249728,1.61743201308589,1.65505046569779,1.69810651626683,1.76392476234829,1.75472971103611,1.79841639741083,1.90462286521754,1.80550757185737,1.8860919324235,1.96463445572295
"85",1.07576251795029,1.11893513726628,1.16572781568683,1.20627699066652,1.24198964143975,1.25041133041751,1.27656962498317,1.31013443998962,1.20422421555386,1.23800189709105,0.928966576605848,0.737042096724265,1.16384871591265,1.21549457700994,1.060422784341,1.47214049553182,1.48871886744784,1.52374493117693,1.57394480719301,1.60943054043299,1.6447933927896,1.6717462473776,1.66971934505732,1.78919810281147,1.79448728176364,2.13201023228026,2.32146071146959,1.91141000884682,1.87836698879698,2.06400639273755
"86",1.06547452807056,1.11890538222619,1.16630471770722,1.22063183579505,1.24007414701824,1.28370142158766,1.29669205449424,1.28682719797263,1.25618056221052,1.24870924875025,1.27957301960696,1.22775185086786,1.07885076273775,1.07077478686108,1.07141147775759,1.4652778191132,1.49172014955615,1.51457920399099,1.56831073570932,1.60159173957618,1.62680158790193,1.6387291529169,1.68805949799711,1.7447157483277,1.76535741789844,1.77673198151425,1.83541672426461,2.00437330073049,2.03402963720025,2.05090347873203
"87",1.08076426488599,1.11564152825386,1.16910884227078,1.21508359948509,1.22831541696073,1.26751892909968,1.28395037857485,1.26057198064666,1.27872144670518,1.19428600011702,1.20680284997584,1.11930765979871,1.18666350109335,1.22439181764218,0.908267224044835,1.45907444217879,1.49717272337983,1.53688783762103,1.56586550683783,1.60410487939594,1.62737980140029,1.65302793307626,1.71921572628823,1.72095309221232,1.83679854413926,1.84906700657262,1.95908485023981,1.90856613899618,1.8787631094143,2.20543046397252
"88",1.07929839671813,1.13363176440857,1.18093963079674,1.23243985544031,1.25663342168633,1.254357405529,1.29456905692088,1.29131173794631,1.2828360926191,1.3180644598863,1.23307772904613,1.22029569028606,1.20054361304291,1.05300089393659,1.10876607448775,1.45310696040541,1.49868506741247,1.53202517253123,1.56817554954178,1.60628336151666,1.64389866093915,1.65331276079523,1.67358197553028,1.71647317698576,1.72207125191427,1.82119073721879,1.85226815432726,1.88757473808349,2.03558237019403,2.0117022690465
"89",1.09043719724631,1.14397940607333,1.18451078905943,1.20351800879042,1.22792679019937,1.24763089170553,1.27011950062742,1.27817061710495,1.27499437157125,1.25327649712016,1.21400637024943,1.18992653478643,1.19928233008287,1.21481226854907,1.21905235136901,1.47059037726914,1.51379194523314,1.52103921214084,1.56784118553251,1.62161707835576,1.64111116534091,1.6423753858338,1.68828517173232,1.7262054566887,1.77050651922297,1.85338400697301,1.88218004486858,1.85873081211419,1.88745438267314,1.89029823783348
"90",1.07629187607011,1.13652845126547,1.1613179638536,1.22161666060932,1.21713602495808,1.27416723728524,1.24855296529701,1.27045916742526,1.0736358750396,1.16213994404685,1.19777752126641,1.22300200437807,1.27686026369523,1.07962609033799,0.256578741122915,1.45418015149063,1.49689257647254,1.54188701886086,1.56624196559907,1.62040134952528,1.62002663240139,1.67594848553582,1.69591534616581,1.92153809332603,1.85736251150295,1.82886066450829,1.85776220124676,1.81626276638907,2.02486470492428,2.86962084035647
"91",1.0629975290438,1.12874574201004,1.18311605603664,1.22155565227399,1.24890222566966,1.25334641649273,1.30173580703326,1.29076474304639,1.20115753170038,1.29988270063513,1.2665595154175,1.28029588649947,1.26794253908943,0.925144744969417,1.12553239908046,1.44983273288521,1.50153736125827,1.53531549890435,1.54437938419447,1.57806726837371,1.63392296063917,1.62710769286602,1.67540737904369,1.8115978979233,1.72348753880018,1.77725586082642,1.76709648244796,1.82474006641558,2.16051891698318,1.97627299252882
"92",1.04483771642465,1.14802429256174,1.18143738077967,1.23871329467435,1.21850528914831,1.2472678356688,1.26698137475502,1.28050322403986,1.21090675312109,1.2850440908064,1.26163424397525,1.28018035636946,0.79973803423886,1.16545387771019,0.63141461154647,1.45905562735472,1.49761292302574,1.542204648051,1.55787455013848,1.59644377455619,1.66299198545705,1.66270455511086,1.70278042383631,1.79206600226478,1.73649726454606,1.78193730901937,1.79286738175056,2.28712937728404,1.94390655817628,2.48179001473258
"93",1.09020883077455,1.13131135706215,1.19218996876136,1.2234773375533,1.25050494884225,1.25814600502429,1.2246723622598,1.29541218118134,1.3067419469752,1.28983485328973,1.29524873374068,1.27408468151921,1.25585966436222,1.18911774429243,1.2873509444788,1.46496325236974,1.50154861024554,1.51732709153669,1.56700078713521,1.5887125115741,1.6408130973228,1.69733730157154,1.69380356422435,1.69291594230155,1.73708337859635,1.77411533644615,1.79130570168412,1.84025420760376,1.9123928994148,1.82762814225696
"94",1.08069694215767,1.12250679163708,1.19644742312494,1.19456339453643,1.23887162485646,1.28085361058956,1.26120411697403,1.27855695541271,1.06777497985418,1.29973267753798,1.26590152896331,1.22415456529613,1.14952444993259,1.09220508268411,0.976394488400461,1.48293453951724,1.4921354016643,1.52970806460018,1.57030103306966,1.59937311792824,1.61792381238628,1.65604125553601,1.68411234416194,1.93625857122018,1.71657736839561,1.79544002664221,1.85241430598023,1.93273144043435,2.02208178999399,2.144304010286
"95",1.0693341793264,1.14036519373756,1.18961103339112,1.21604547544625,1.23816014727795,1.26533197224754,1.2381873007558,1.29772426571439,1.28719222433025,1.23042550453539,0.843229214229609,1.24492001183096,1.06965617821684,1.32179814128351,1.24099708209597,1.46677545064483,1.50198920393904,1.53901855803672,1.55741253755614,1.61858151321968,1.6391998767571,1.68276458323255,1.68349271747823,1.71914603652847,1.78215599370804,2.20995824115956,1.83178922666381,2.00384864124574,1.78098347002629,1.87701213723274
"96",1.08208067951419,1.14507505439804,1.16789307566441,1.22359493494784,1.24572289271974,1.22622264084246,1.27819855543461,1.26062207913708,1.26441943155026,1.19681013263512,1.18970734396769,1.25515337715539,0.784715385165411,1.01997094970544,0.981164467928832,1.46201127596465,1.50116716160916,1.51457423655279,1.56440417717635,1.5923057778611,1.67316109110279,1.64231006267766,1.70777137990723,1.74896556351035,1.83490179938534,1.86824464067042,1.80811407123639,2.3021763437518,2.08194381541263,2.13521606675268
"97",1.05548705091006,1.12417140355266,1.18666520556631,1.19972836298927,1.24943637626059,1.24110530437774,1.25781236189047,1.25136784456156,1.12631269069902,1.23669771303547,1.28569793543083,0.667168461940706,1.08844376014543,1.1875314507072,1.17358460878196,1.45893692557909,1.49045377531075,1.52256590665645,1.56789288020957,1.60905542207255,1.66655574553271,1.67556104436099,1.71589283645668,1.88559195086431,1.79949015587619,1.75578889018061,2.39582877036898,1.98768532512295,1.91408898081099,1.93832797338283
"98",1.07446733777001,1.12907586359939,1.17670583485797,1.20742469672091,1.22266624039124,1.23710922616076,1.28952701267801,1.27467119223736,1.28301762850835,1.20622194521299,1.27779817425257,1.00110155143698,1.23795135525513,0.973117223276798,1.23180939330793,1.4578317421148,1.4923239007067,1.5163339703004,1.56805428698323,1.62397087604849,1.66204782516747,1.6653916768414,1.69893085891113,1.74118145114544,1.82228529914693,1.78827078065582,2.05098553955435,1.87848547075443,2.12086965517557,1.87383063925045
"99",1.08443687211894,1.14729480250561,1.18544080772679,1.20448104991672,1.22828137960921,1.2486408495532,1.25863286010423,1.30485904804443,1.16326488478438,1.26409686573466,1.21190435836657,1.08593837228132,1.10573417996999,1.12794760738631,1.22956954938026,1.46410775349486,1.50220220099992,1.52471301458473,1.57443388643039,1.6039930710519,1.64288866601737,1.68982256931332,1.66430082022824,1.82986973605046,1.75061505728133,1.83548771220913,1.97966675555483,1.98264309965282,1.97106883172474,1.88070093172446
"100",1.07495619968149,1.12360715670981,1.16220833223649,1.22660153087479,1.22883428530475,1.25468720947534,1.2790840513147,1.22229249708253,1.29225665366167,1.28832527336869,1.2124325229331,1.20119541246951,1.18289324935602,1.18830240116308,1.00091589330629,1.46454445956995,1.46540210839908,1.5357176157399,1.59995710911558,1.61407628095065,1.61726570649827,1.67887876496718,1.74105363015072,1.69994295131091,1.76515398040872,1.81716030383995,1.87093686096864,1.8974191694468,1.91730836891177,2.100905187367
