"","V1","V2","V3","V4","V5","V6","V7","V8","V9","V10","V11","V12","V13","V14","V15","V16","V17","V18","V19","V20","V21","V22","V23","V24","V25","V26","V27","V28","V29","V30"
"1",1.2991041726934,1.33737639566738,1.38805129961744,1.42545008296625,1.45752685496072,1.47083004455819,1.49080689997596,1.48425245681499,1.4843202845389,1.472827753908,1.44423527921936,1.41679012516364,1.17232468585753,1.45873212025083,1.41468942709624,1.54313977828515,1.61344489886593,1.6702922375163,1.69422905643823,1.73407408077114,1.76342807365069,1.80663945174653,1.85409221270606,1.85215161517527,1.88709036015458,1.93525694646243,1.99826777432237,2.24281723851925,1.96333213118932,2.02710435304386
"2",1.29376578304497,1.35849701736801,1.39610419635757,1.43633646941943,1.46900687049576,1.46208357222055,1.48839101542483,1.50641512080019,1.48719047625013,1.47443950951927,1.38272694948758,1.39146454133387,1.29056784265974,1.43365694265315,1.32786247244131,1.55701230231223,1.60770046216694,1.65320052441772,1.71121480999539,1.74013639271753,1.78492869989763,1.79897275669197,1.80944857075955,1.84323209100586,1.88656256065714,2.01418184008976,2.00881084590958,2.13101612543535,1.99195329605894,2.12091854591613
"3",1.2885778876576,1.35127954142617,1.40737577274501,1.43571466214198,1.45606665218523,1.4568010038991,1.47366411675338,1.48398257580105,1.49435693338446,1.40574114582756,1.40996876947273,1.43284473846646,1.36362096911525,1.47351330681878,1.45649178282297,1.55267087690361,1.61478074001172,1.66539067801159,1.69340976238557,1.7303609227651,1.77502357925252,1.81832679852571,1.83934225233569,1.84452195815472,1.96301626576773,1.97503840459897,1.95612404572826,2.04325513523155,1.94654118217246,1.97305494645379
"4",1.30377293063431,1.3505013324635,1.38490211458377,1.43365055742511,1.40761034694533,1.4869069031917,1.48709787852025,1.45533757278508,1.45567720178793,1.41440466664344,1.4324040152649,1.43364903458959,1.33389602621267,0.711947419078547,1.45841502722158,1.55647380829353,1.61462583371074,1.65757603632673,1.6993124657464,1.75655836104062,1.78400992169119,1.79050899384049,1.85596233032193,1.8843354263609,1.95747703288445,1.95174976764493,1.95743200523985,2.09729202509573,2.71635627928225,1.96723637839229
"5",1.29559301648449,1.34757635794649,1.3828663064754,1.43017430689782,1.46595596909551,1.4748062970474,1.45950957650257,1.44593875613845,1.49733532271272,1.51603651443454,1.39344116550638,1.42114871904967,0.682361933578202,1.32661754005507,0.906067013482687,1.55629066161631,1.60643115648363,1.65676028973124,1.70413920843081,1.75463926032315,1.77279873866718,1.81923472375167,1.85217533120092,1.85650693682663,1.85980280581665,1.98447731830566,1.98486145731868,2.73206371354485,2.09513596928782,2.53868335898044
"6",1.27865281606868,1.35116443259719,1.39512463398479,1.42836956402755,1.46619338470012,1.46695826923583,1.50745472409347,1.49628933511507,1.44557988364574,1.50480871907279,1.50634998076549,1.45454311372138,1.45770603869492,1.3793442924698,1.31599394857165,1.56180940855802,1.60971704200068,1.65931225128933,1.70744099100379,1.73425477820967,1.76692693032835,1.7781236161144,1.82530016513749,1.89684943841455,1.85476994338726,1.87354167970802,1.94969164585709,1.95529671707849,2.05885981758677,2.12695487216661
"7",1.28271248887077,1.34356387436319,1.39585842661295,1.44029015175259,1.44803250786652,1.4697729961442,1.47231074597421,1.49647522746352,1.49489326380635,1.41134568112212,1.45674050982867,1.43006084842043,1.32539935726823,1.29957022967928,1.30590204336283,1.53855383198776,1.59693447106038,1.66580509633557,1.7002855977742,1.75425900344738,1.76596615377338,1.8050435730355,1.8136410632765,1.85522870433109,1.9471655297576,1.91352868592383,1.98648175181354,2.09074288393643,2.14046889765938,2.13959284406432
"8",1.28721751816094,1.35737661619005,1.36461321152352,1.43437460433857,1.45796847626812,1.43071427563304,1.48017008259491,1.48303434255743,1.44880173119813,1.47743787578296,1.33295142887873,1.31312183839203,1.12820269716052,1.28557737559212,1.3707962368549,1.55151457625881,1.61881899184299,1.66161887825629,1.69772513476657,1.7381793894347,1.80021245449316,1.80064066322034,1.83010921845317,1.89767798567216,1.88485822729969,2.06012609610708,2.08933405207668,2.28757354845483,2.14205133887127,2.06148073939869
"9",1.28518150443071,1.35895687639982,1.39025150179123,1.43614889392791,1.4027944521829,1.47053946970465,1.47147016772257,1.4694973554018,1.45798596199349,1.48453196948054,1.44865133638833,1.44282984937908,1.17098645801912,1.15796990858903,1.44597890291659,1.55926456038404,1.61789936481066,1.65844743049998,1.71440100765737,1.77282877613492,1.75516963287929,1.80499614111486,1.85233846449458,1.89177335994528,1.88530474050385,1.93508855593349,1.95954915499011,2.23664259820303,2.26515513514209,1.99741326963225
"10",1.28592152258551,1.36251627767172,1.39969342523294,1.430449442402,1.46336016473564,1.47488995098759,1.42925034064577,1.42273046267798,1.51648620444979,1.44603639574707,1.35101524639307,1.38079131157166,1.46952108247936,1.4383367324544,1.42089480312325,1.5483631769158,1.62178661360447,1.66187038897314,1.70142342628887,1.74257592183061,1.77127049843103,1.86853350084108,1.90818075274564,1.82746525838204,1.91002304887318,2.03526271247454,2.0223866759265,1.94849348096808,1.98941227339962,2.01877909524034
"11",1.29416813427235,1.35921334308271,1.39751294829455,1.44479295109633,1.44638171348401,1.47147808630356,1.4639873550333,1.48376958274839,1.50418666105065,1.34118606163105,1.44403124904231,1.45245830531973,1.23964166947908,0.887613276094584,1.23442353720773,1.55685366826754,1.61117026111262,1.65367484637284,1.71527030918698,1.7362743653384,1.77401855966959,1.80193960378804,1.82141024785025,1.83673751075044,2.03869634814869,1.94901172595969,1.95546044559805,2.17744150507467,2.53352765156061,2.2054646537334
"12",1.28542782778453,1.34530897079177,1.39104422042949,1.44053261372292,1.4502939916392,1.47936131482173,1.47230933812458,1.46053517784584,1.49064206141306,1.49781598819081,1.48608133578644,1.34104297457561,0.751824425496151,1.07044314035169,0.94717027458407,1.55671798753116,1.6010859731523,1.6540319639846,1.69952328821012,1.74680426733599,1.77169820357683,1.78673617872574,1.87061679856062,1.8443474056861,1.88208198993745,1.90302481614313,2.05594176424658,2.67141854346737,2.35623425163486,2.49800710745709
"13",1.30288053464869,1.33791144917344,1.38983865577141,1.43593021927608,1.43546562962032,1.43124083259666,1.49852275667896,1.46052579590294,1.43157266365969,1.48738187047818,1.36629254589247,1.42728214147776,1.26380553718395,1.45657345179897,1.37246598666297,1.56175494360416,1.60745817949459,1.66877370294143,1.70948193568104,1.76159794650728,1.80164572500216,1.79182120767608,1.85273834618342,1.91246907214466,1.87571931607306,2.03329095039133,1.96451929526326,2.15164974687533,1.97583439830313,2.05978685545302
"14",1.28647596389225,1.3509557826129,1.39450080826218,1.41659636663561,1.44792039684825,1.45506704092809,1.45266509691552,1.39479047507336,1.47907906215386,1.40240167397502,1.38669074966595,0.993540872398389,1.45936988601709,1.04150955844565,0.8800490426661,1.55811441115926,1.61978096404111,1.66015728169347,1.69288608899875,1.7483076592452,1.77877718122566,1.81971975368689,1.91140905700216,1.86460258138514,1.96795984084565,2.00056109559879,2.41759494253448,1.95325181698706,2.37833040275817,2.5581514771517
"15",1.29387594298573,1.34986743108137,1.38781604668206,1.43659631481708,1.44682273209884,1.47902356103388,1.47625769880441,1.47451354668065,1.40790877434308,1.4065236293899,1.44497727460545,1.47577268136791,1.48539155067215,1.23350300018156,1.4855796862966,1.55476935382117,1.61018271424675,1.64995019523294,1.70857059101103,1.73385990560649,1.77091509153757,1.80133253447926,1.84227241641672,1.93266404322636,1.9538857358656,1.95369370813936,1.93315020165976,1.94716543376077,2.18577037725004,1.9450341105532
"16",1.2937175796014,1.35259596065232,1.40224137319059,1.43323919238239,1.44953792695906,1.48222383962092,1.46979023948773,1.43582879201283,1.44064467232472,1.42240312156117,1.44075177180297,1.37907836051037,1.45657657365884,1.4507613292289,0.795788920011222,1.55617736255468,1.62074361236013,1.66490422462804,1.69892057008954,1.7459379686207,1.77511460504572,1.79391391290366,1.88718164106952,1.89537920776001,1.95032704152674,1.93691482347029,2.01882571161664,1.96268105210618,1.98468147304513,2.64075450345946
"17",1.29758277835264,1.35564789475273,1.40401799998445,1.42651496882811,1.4566891385134,1.49257049061821,1.4618669738878,1.49679537793481,1.48032720272378,1.41591619258314,1.5352376480933,1.4341403148372,1.46090902026362,1.16338905080878,1.09203500859964,1.55571779182317,1.60349000074253,1.67242303187454,1.70512091356469,1.74030259188244,1.76604297923082,1.83114172571079,1.82757256100838,1.87878425859927,1.9375826986783,1.85587404599762,1.97635433498112,1.9698302985203,2.26332279770489,2.34784631024865
"18",1.29417228573425,1.35034278910228,1.40019698184649,1.43832796118165,1.44644035852667,1.47972779015559,1.48398360452404,1.48689700338608,1.50574601614789,1.44206496504296,1.51324377136243,1.41550405669565,1.51432257495285,1.45984581948325,0.553598167502702,1.55249513923902,1.61422757814236,1.67215887413387,1.70080095398857,1.74692849306294,1.76622451456494,1.80061973086863,1.83130779551134,1.83816138973097,1.90645699260877,1.8708281824444,1.97271406396949,1.902410277056,1.95835022026319,2.88646987275695
"19",1.29025209778264,1.35511614785538,1.39648761450489,1.44368517260676,1.45267493327301,1.45582815632629,1.42082085823816,1.46322218618216,1.47467068902045,1.4843472218381,1.3119666347742,1.26794255791844,1.15250184872642,1.40922716794213,1.38694056929617,1.54784772177329,1.62566863750359,1.66655738320667,1.70151820211018,1.74559018087755,1.78171975885996,1.84406551533111,1.86769971401821,1.8544263109107,1.87711867064994,2.07944034787875,2.13165426696702,2.25231935999378,2.01576330199044,2.04148817492594
"20",1.28496906279812,1.35022677120936,1.40426897322163,1.43765686025394,1.46739046469966,1.46589214867638,1.44791909913742,1.45056459775794,1.45733920566869,1.48189830642282,1.42609391451762,1.49321205688127,1.50870188288077,1.31810254838458,1.29755754464743,1.54990695673565,1.61612364953503,1.64940021919182,1.71182043061834,1.73522612001839,1.77458446375487,1.82377660893749,1.87380423216882,1.88562966421606,1.88447078500156,1.9628085750443,1.90530450036512,1.89939057042979,2.11055180442887,2.138953938098
"21",1.28277486057683,1.34504680875554,1.39905753902578,1.43678734915554,1.43703499217684,1.47058052062036,1.48577145666241,1.47022544433341,1.46674389150515,1.42192587956,1.24554187769988,1.41850641931961,1.42244878930103,1.53269159480911,1.24306176456918,1.54937772802588,1.61406723542906,1.66179925926757,1.68738685824538,1.75887799796721,1.76118331579951,1.7815920138709,1.82480523312885,1.86849735015963,1.93934542873513,2.13629626735181,1.99177678940724,1.99429506010935,1.90261452066699,2.18805195354966
"22",1.27865393497008,1.35108976826617,1.39109626542152,1.43662172072423,1.44166857820966,1.49426973222418,1.40477906201269,1.46351495130395,1.49639272235457,1.47948332657069,1.48804810307924,1.4804795721663,1.37890537825839,1.42338247473971,1.36833526871165,1.5444033865061,1.60978809998253,1.6691321942491,1.70492713054295,1.73889672167055,1.77529215153452,1.87301673178643,1.83765022280493,1.83998535677215,1.89295815626783,1.90216877570048,1.91365300785321,2.03377477212098,1.99673102151272,2.07714097879023
"23",1.28983438669467,1.35305911755122,1.40862324196404,1.42615108224862,1.45672196103522,1.46754236911157,1.46119651201225,1.45581945660779,1.50991759411571,1.44469504305002,1.55359312194931,1.32271999413607,1.28138959843619,1.27596712665561,1.47815787404591,1.55205945891233,1.62812667606518,1.66239638159723,1.69163834654309,1.74218982946258,1.78451842898072,1.81484991110815,1.85644098252037,1.84768570148822,1.93168265501622,1.84670905715425,2.0773621482002,2.15390468878447,2.15484537497781,1.96105190377382
"24",1.30309528159344,1.3395498206028,1.3967238466692,1.44100955180663,1.45319374404249,1.47628913234578,1.47546299159902,1.45610591765549,1.47449951299432,1.29733110751187,1.4996393613798,1.48869030883914,1.44450453407394,1.35564485250509,1.09291921781225,1.56568883476323,1.6116696215725,1.6635082924087,1.71174802055508,1.72839880598436,1.77561773573071,1.8075201650275,1.87757825384914,1.86593072081627,2.06411461533434,1.88681099048116,1.92528714389064,1.97395762943334,2.07145303428165,2.34212028014412
"25",1.30771698006021,1.36244133744751,1.40585252987227,1.42768705392938,1.46191028700436,1.46566246561854,1.45802452670063,1.4831954198383,1.48337227269394,1.467305885345,1.48593838942606,1.45955998773048,1.00145412998591,1.4305514095764,0.951319792199547,1.56261006757723,1.61977223873066,1.66100192570129,1.69358558165438,1.74320557141323,1.77678289489904,1.83237452208603,1.83896941001867,1.86371458897258,1.91210521275564,1.91334345106244,1.94482575283613,2.42495254899077,1.99473974014782,2.48072690403132
"26",1.29316913531414,1.35336803330826,1.39614890298852,1.41455029544844,1.45697210211771,1.46936722551671,1.48967469349002,1.48783126670063,1.50966804530638,1.38120341552484,1.43309611009257,1.42201990828281,1.47790392134499,1.39856016804465,1.37265970599049,1.55667244532385,1.60487497798608,1.65420268482956,1.7034498415423,1.74147540162353,1.76349828441723,1.80066255548557,1.82834150426555,1.84408301649068,1.98887755876342,1.94241032897822,1.97782539600473,1.93249392985544,2.03182173727085,2.05549604430249
"27",1.29190107875054,1.34416082340489,1.42442667114331,1.42181474073807,1.43838784025593,1.47601126169707,1.46712951542627,1.45654071664481,1.49404749154376,1.50785333647576,1.50189062529577,1.31303757686583,1.47171447636093,1.42717283058055,1.14149664699742,1.55566236990662,1.61436906463712,1.67054733712044,1.69706373221717,1.72613315269157,1.76748235398764,1.80718867950038,1.87553620355216,1.84605190813411,1.85391783952687,1.8816653122327,2.08905728815836,1.94378276940706,2.00590399044986,2.31043331108674
"28",1.29475814259648,1.35850943351309,1.40933250010028,1.44331562648471,1.46636537235284,1.47546216759094,1.46488970167907,1.41774003179809,1.46775029292131,1.36463014984186,1.50692707891883,1.49949996695312,1.4616334365903,1.39587560032256,1.2994177821409,1.54918347536687,1.63085603755128,1.66533952952149,1.7166642892061,1.73919132176838,1.77103711756766,1.80088049387007,1.90453392752961,1.88238771198864,1.99847115743401,1.87074805233591,1.91836639364152,1.95076147008244,2.0306676161236,2.14546488132109
"29",1.2730572972984,1.33342650909359,1.38563674702386,1.44223876619006,1.45583217771393,1.47609910394363,1.46084794323197,1.4765006819093,1.42208259287275,1.47402444382249,1.34964328831078,1.31767077215158,1.36702043634786,1.22349348554389,0.997908303889343,1.53604933816989,1.617803169881,1.66995952582195,1.70926083518023,1.74405241429126,1.78567789133061,1.81104828913421,1.83179845373153,1.92307647828142,1.88150195192629,2.03038646259939,2.07356888851734,2.04899779899454,2.19855300432079,2.42720882209569
"30",1.2906905882724,1.34646829481106,1.39711905778617,1.43875236849016,1.46617471325036,1.44803373513371,1.51714452286081,1.49698753015648,1.34357630307619,1.44730629225994,1.41981833974819,1.49758650143008,1.29862848163649,1.36558242288995,1.09773711775561,1.54453036057548,1.61456643958838,1.66593635260877,1.7077771524848,1.73414902078393,1.79971482643325,1.77434091669077,1.82676183409457,1.99088957052401,1.92576229566669,1.96001563831637,1.90634900626074,2.12492897736581,2.04528080247241,2.3359819496932
"31",1.28903042761235,1.33898354543725,1.39336618101288,1.42836784817743,1.44927081238799,1.46289118554308,1.42103722879841,1.4840832189886,1.4785355110934,1.48923222255843,1.4845955646993,1.46705097879502,1.26814193229683,1.40118389953854,1.41511156744922,1.55105247712774,1.60834077453529,1.6683918726156,1.70176307002486,1.73926276784636,1.78597755450618,1.86093261020718,1.83007631686153,1.86313915111647,1.87896330276916,1.88897645879999,1.93247626417211,2.14660110403284,2.02604335836327,2.01848457525295
"32",1.27810642162251,1.34233271910001,1.40273321583767,1.43675681756301,1.45299758953298,1.46002477096636,1.47461160220223,1.48750981321256,1.49063954195723,1.32658781522485,1.41497752507257,1.21550921440364,1.40250398861584,1.46263033684804,1.40393270058887,1.55344612977037,1.61454602663193,1.65787379425667,1.70120339495547,1.73289880617678,1.78585856613028,1.81983272143149,1.82538471774035,1.86022763752675,2.05931036818185,1.9681135702884,2.1850573634896,2.00274737176407,1.94620912234369,2.03868384373994
"33",1.29169776702436,1.34640075777278,1.39191236415945,1.44271169065429,1.45059302311674,1.48418403174121,1.47267998399749,1.48632287589395,1.44290283085021,1.49164875539284,1.51117826864971,1.49088573428492,1.44211246456366,1.30538032094301,1.35019537470242,1.55632773197129,1.60969757755711,1.66346500207894,1.71349332122729,1.72837377458604,1.76576938464641,1.80920875325354,1.82909319753134,1.89889917529583,1.87433044401908,1.86144208910508,1.91457935875161,1.97517724126253,2.12291172033888,2.08272824455179
"34",1.28242284609077,1.34295361507909,1.38147522930068,1.4146754399377,1.45631754580999,1.48380908423814,1.48817604221298,1.49395283554492,1.48578197953132,1.46312368101435,1.44249685647612,1.33470297043024,1.20993651414611,1.43277675984163,1.10456378759519,1.5484690085455,1.61799818189305,1.6618496645629,1.68607707246283,1.73196688450939,1.77269449227639,1.80001418546593,1.81435766705027,1.85438191638651,1.89435750614285,1.93220731547545,2.05324733015781,2.21215704942664,2.00376146984047,2.32987543866241
"35",1.30665198620878,1.35560400730497,1.39890335271894,1.42261577560589,1.45326693975779,1.48408399248407,1.47247093292616,1.4462382874656,1.47525805608536,1.4914185100145,1.42882877169266,1.42619779864053,1.453221437649,1.34776224726211,0.969201011323657,1.56395345643833,1.61045661790034,1.66657766171213,1.70084127284876,1.74316093775224,1.77108936627689,1.82311937054537,1.87497522263385,1.84614259543527,1.86461092163107,1.95904566806401,1.96674079537335,1.97224770227785,2.07436618471837,2.45953915482467
"36",1.2929020340477,1.33231477517258,1.39975747845977,1.43273833759644,1.43015722574957,1.47537235087854,1.48534535590063,1.4637967338118,1.46810090919653,1.4800613283707,1.4265582987856,1.47907246428619,1.26153976821952,1.11538187202715,1.45691897960239,1.54621553582992,1.60649126534967,1.6637442284262,1.70400250212342,1.75772451657165,1.77610558459158,1.80333135374487,1.85459862761504,1.86101333380177,1.89271693916989,1.96728073871264,1.91356614628693,2.14718667502539,2.30923050318957,1.98847221971299
"37",1.29376678929261,1.35674302702521,1.40646814129787,1.44342752999096,1.46618511068189,1.4179995109493,1.43766771162078,1.50647088891576,1.45618241948671,1.49027177304612,1.47025311386724,1.2832986874543,1.49513552566672,1.37159541664973,1.41565568914255,1.55778389040413,1.61985282178901,1.66070064662699,1.7084844006604,1.73443202834239,1.82331993983891,1.85177377342863,1.81579044897286,1.8848597806946,1.87294463002393,1.91741865347909,2.1085291438565,1.92900462513578,2.07064804597883,2.02748394414956
"38",1.28115811360206,1.3460207631519,1.38896269909856,1.41915699288378,1.45717058903212,1.47429610797689,1.47555137389474,1.48278201922063,1.48313702043205,1.47235358245552,1.14421221387465,1.36011488707766,1.48070502315377,1.24668576421197,1.25899160027597,1.5614584435502,1.61040558579719,1.66579224878301,1.71241918623618,1.74208537578138,1.74976995538695,1.8141839968809,1.83349432635473,1.85817878360662,1.89812892994004,2.23805772047213,2.04825462209657,1.94500238506563,2.18579441079265,2.18376460401192
"39",1.3008902060297,1.36213347940132,1.39450518213835,1.41844244759766,1.44187205284291,1.45331838157388,1.48328778063956,1.47547754730994,1.47238919076186,1.37179233299741,1.13146809067945,1.39414443108301,1.32478011174431,1.40378088829092,1.32028753519294,1.55621586521554,1.61096047210901,1.65813958782025,1.69415462856781,1.7225418290112,1.78044330967688,1.79432079866533,1.83526124197963,1.88132494306909,1.98292732076914,2.25346075735105,2.00370241316607,2.09349724584361,2.01732138276305,2.10425030139226
"40",1.28378676743555,1.35962545349666,1.39774349934345,1.43434077774035,1.46240589012916,1.4829683979947,1.43804692752963,1.48302464741371,1.44875314795069,1.41571992171885,1.47733468859606,1.38710630048095,1.49262508544608,1.37520215964083,1.17034326620914,1.55809778922792,1.62707775976769,1.66595678528098,1.70818311534842,1.73391217981013,1.76298573708671,1.83531918144518,1.84208819583012,1.89308958583337,1.94632859822058,1.91002975112705,2.01911819900152,1.93360363562623,2.06148221956913,2.26304897255207
"41",1.30362163577484,1.34428354008575,1.38209456175077,1.44488039561816,1.44502530524489,1.45232391179711,1.46786687710074,1.51216354970805,1.52264388004526,1.44065956503825,1.45960653856876,1.468858081957,1.36507355413801,1.47765389970922,1.26206941968677,1.54950043810734,1.62455871344395,1.65907362755117,1.70228343068719,1.7499017718686,1.78070036538915,1.81537800083267,1.81550180272673,1.81705964482531,1.9328364727,1.93513890366723,1.93105915002554,2.04302005754676,1.94440110134163,2.17499303855061
"42",1.30948270478685,1.37746702413581,1.37972425817056,1.44155056397603,1.45264221258603,1.47801965854638,1.48014914251054,1.45995581273537,1.43731748630479,1.48176642463697,1.4931976433596,1.34923459674055,1.45887066664426,1.40177743787138,1.08709848250836,1.55184967161015,1.63282105606768,1.65814161168933,1.70837833369637,1.75144992566665,1.77300013479985,1.80784383013723,1.85756178926944,1.90024430952738,1.88080244975474,1.90512054632604,2.05850929364556,1.95769260143361,2.02445045254909,2.36286530287927
"43",1.30361041958657,1.35047446232111,1.39183472837787,1.43057245670377,1.44444158763962,1.47417410813959,1.48006584904324,1.50706068860261,1.48203541471696,1.42120466142173,1.46961754218878,1.43987851085201,1.48525603054169,1.37431843653911,1.0687188976232,1.5769018166808,1.61422964731112,1.65647508016105,1.69878099454318,1.74246096077062,1.77850352105561,1.798126019456,1.81151135431607,1.85733800513681,1.94616313780569,1.91312804620875,1.9672968615378,1.93316494044935,2.05881726066995,2.3674658088367
"44",1.29611190885448,1.34072345076455,1.40720646740587,1.40152159690315,1.45029439489732,1.48101992149679,1.50243682453778,1.43954470881542,1.47037520520896,1.45009146266959,1.3976619267334,1.46294915739293,1.46733422326277,1.40705925075002,0.907685716578944,1.56187662774307,1.60521723079842,1.66369186115121,1.71562017803666,1.73610236038246,1.77570389819412,1.78861829839593,1.87728577770278,1.8547737022693,1.91900482805105,1.9918503676175,1.938798920103,1.95309952960932,2.02411579668692,2.53382860836733
"45",1.28422132315896,1.35103166680079,1.4066077699524,1.41510352873902,1.44979034950683,1.48407493200498,1.4681268015185,1.34607772017737,1.4426173024031,1.39397385491791,1.43731512386878,1.46868237226794,1.41048375689809,1.21886733184073,1.35683751637196,1.54184051450682,1.60467154714424,1.67278294235345,1.70909518562423,1.75271679606561,1.77189467729793,1.81605047996533,1.96543384274212,1.88704013902646,1.96788909634956,1.94216972807238,1.91935068183576,2.00928664817995,2.21169171439005,2.08118314255878
"46",1.28978778466143,1.35620850539988,1.39817131459826,1.39013728095872,1.44430628299754,1.46149360572803,1.5037266871767,1.42745034112135,1.48208632038971,1.51056948543779,1.4642069664543,1.1950654875576,1.36183517426062,1.43474062028741,1.01291101317021,1.55532959961205,1.61484713176656,1.66886082749362,1.72573582105067,1.74943548237212,1.76912412891968,1.78389802526117,1.88746159822814,1.8532674079015,1.86408965070818,1.9231462056775,2.22249941918471,2.04918941224954,1.98329217735262,2.40296829738153
"47",1.2951264411974,1.33868933182074,1.39012182641523,1.43463623132729,1.4498290678643,1.43535048079807,1.50735241813663,1.47813729058786,1.52556108038104,1.49897363444196,1.47250452585189,1.3186247244333,1.42697847392777,1.37261686310825,1.46160905011007,1.55495868797069,1.61056270484491,1.65666435666268,1.6945382641646,1.73372624205758,1.77498844588979,1.78177037174921,1.84408228505269,1.82325436720566,1.87864953349411,1.90482277503278,2.07387842643873,1.98552084408387,2.05830055090471,1.9673728701567
"48",1.27850516991803,1.33836906394178,1.38947008989014,1.41869303259248,1.45011414735283,1.47662457448659,1.47932095901201,1.42598125060381,1.49530509190467,1.3857635513679,1.45467663460239,1.47422303631641,1.44418076399439,1.29396012159958,1.08922753681713,1.55266326398885,1.61350478632442,1.6659671459007,1.69275321613876,1.74563040050894,1.75991251053418,1.79887590248976,1.89416050591054,1.8474469191461,1.98402276585152,1.92941969851112,1.90490320458234,1.97635810086572,2.14506241867143,2.34148828660949
"49",1.31070604611439,1.35139507334169,1.39525692481023,1.41943861943621,1.44754844196875,1.46874760120498,1.49384653544787,1.48965898634897,1.41947108510486,1.43317183072997,1.41974678065713,-1.01278401417971,1.30261863683789,1.34040045488303,1.35304190291434,1.56852753431664,1.6220772373241,1.64958072560867,1.7183695906586,1.75269569048271,1.77692663891799,1.77547262538875,1.81705363466095,1.92157807108829,1.92895810543697,1.95791134286881,4.422437972434,2.11933800395236,2.09829928326723,2.08537557626889
"50",1.28642864235327,1.35522600990284,1.4047031704725,1.43028894439971,1.45051551892183,1.48726701791188,1.49204722809068,1.48297028833125,1.51223731847132,1.42624688559805,1.38647418888893,1.20043711351513,1.34980559930182,1.41088672713239,1.15562359660061,1.54825786276689,1.60978133046106,1.66635756373668,1.71983106958243,1.73555747223478,1.76210242019895,1.78622276134742,1.83599966628814,1.82913730474705,1.96191624840492,1.99405091314165,2.20547172968065,2.05639165183163,2.02391561888379,2.28532456088396
"51",1.29832624917527,1.34996537855318,1.39721689858806,1.42390277156096,1.45517084888003,1.48111375821808,1.47741326385585,1.46934038598047,1.43094906622885,1.45119051212382,1.43539856597331,1.4399160743821,1.51067224834349,1.03770039422386,1.45157226895253,1.55613504750513,1.60501019898637,1.66072589751596,1.70169602936549,1.74625391729232,1.76211287790164,1.80707669361637,1.84449874308813,1.91670926956682,1.92573892706622,1.9370440497049,1.9701380807711,1.90042896350682,2.37873520088903,1.98677518410141
"52",1.30151348446352,1.35588932786174,1.38790780477746,1.43482253323699,1.44008146766417,1.46879103071827,1.48358152065745,1.48715601083319,1.50347974163873,1.48149515433413,1.49209765971185,1.41748393522911,1.49379464368811,1.13510555671666,1.42903125708009,1.56102318602107,1.61225644353359,1.65735157226514,1.7049372580278,1.72762178688633,1.78099747492847,1.8197263879852,1.8202211109745,1.84219017538235,1.8893410996425,1.89568077501072,1.98879091990568,1.91329955949813,2.28612005717746,2.00837882220706
"53",1.30308280643425,1.35146538331759,1.39433682358392,1.44377659425282,1.455708834759,1.47942342828452,1.49448733750666,1.47878465770876,1.49230487939465,1.46239986420651,1.49337929546667,1.35290727592929,1.45932976680665,1.4491571268611,1.43785743387363,1.56575806527238,1.61215112262604,1.66957362246661,1.70455635692551,1.76101503981413,1.78321143744892,1.78749539547406,1.84421744962147,1.85132109924611,1.91724105322358,1.89530935074919,2.05564585427644,1.96319577557257,1.97127931851234,2.00868840627098
"54",1.29490730581925,1.33935842954876,1.393850399708,1.43743647356771,1.44828239804527,1.45971448117532,1.48104366445125,1.45007183520266,1.4846640172787,1.46753959670987,1.34262087816097,1.41785523277732,1.41873243142242,1.32255515614094,1.32911670538454,1.55416831269114,1.59370206106352,1.65744892845663,1.70834316534166,1.73859047088796,1.77016736791875,1.78753604774616,1.86989572510411,1.86356766026704,1.90367311345826,2.04487671502245,1.99716649235038,1.99212454814293,2.11063293114124,2.10837420556176
"55",1.27253089740559,1.35235889718072,1.39584140603835,1.42977809649252,1.44023564392406,1.43197680381712,1.47828409114579,1.49986166285422,1.50361551185367,1.37989757169876,1.33962028612128,1.2727152835766,1.40342262344225,1.38665104146812,1.05874996226482,1.5389520164615,1.60223196672299,1.662311840539,1.6908626878135,1.73275093762646,1.80512663663434,1.79976381859499,1.80662230770671,1.83941632896347,1.98446797552128,2.02309931819195,2.12505460272141,1.99766351507823,2.0336709129175,2.3804713779596
"56",1.29529600905254,1.35309539151972,1.39732566495448,1.42668806103428,1.43140029209611,1.4629421844458,1.44348898299875,1.44394850528219,1.51799310722476,1.47871062907408,1.51343614711323,1.2327917999454,1.27573806918905,1.34170569817552,1.48292369829786,1.56239340609466,1.62150901234862,1.66651892573143,1.70319523571873,1.74688832766731,1.78182123965925,1.84902563922839,1.87039373200599,1.82195654806199,1.88357993455443,1.86685597938688,2.17202347594975,2.13346582850037,2.08388185854507,1.95467895925509
"57",1.28660896351019,1.3414033905725,1.41130733458486,1.43628610618769,1.4635932513851,1.48281056226097,1.46077268022774,1.48866352378448,1.49727944820129,1.44907369904553,1.48183760600111,1.40556208831425,1.46893749872297,1.39987351075793,1.23423886155519,1.55645745339177,1.61146357240868,1.66447351427451,1.70532870251254,1.74298940358648,1.77384701691884,1.80365419712909,1.82223015641411,1.85307684439488,1.9182690920463,1.90837890194901,1.98584591749762,1.94437903529755,2.03642904517557,2.19372961418242
"58",1.28606525251127,1.35993954719546,1.3958077638164,1.41416206869171,1.46590068192395,1.4562625717146,1.47628500831142,1.47752756915107,1.42877410888175,1.43939582275453,1.45462489064667,1.43959680137101,1.48887707373154,1.44496033870967,1.32370342924008,1.55338694008726,1.62461767387765,1.66894348532787,1.71017336333086,1.74143773616175,1.77480340902776,1.80943976088321,1.83931130080749,1.91059444263856,1.92759219965349,1.93325904102115,1.97186397115406,1.91290511873211,1.98407967090663,2.11690568961636
"59",1.30375271157769,1.3590727247317,1.39042094729386,1.4371003401233,1.44514108294578,1.4653659892902,1.46248145250489,1.48014265556565,1.47622769075176,1.41458693311459,1.53081626814847,1.50904073856497,1.42992040212004,1.3291219358524,0.539882711734886,1.56519897027663,1.61120769518054,1.66132993753545,1.71493977913452,1.74803450179822,1.78996174824433,1.8165295948292,1.82680411119894,1.85477863161781,1.95726722409111,1.84675599367277,1.89136157164494,1.97598821855693,2.09834363004236,2.91472277045707
"60",1.29127352653762,1.35193920086136,1.39250300624843,1.4209859063347,1.45270349998953,1.45796039861114,1.47999170702112,1.46828993145374,1.47449674543787,1.50042701644775,1.34923931767311,1.5091406004776,1.46464365257904,1.5053610041621,1.27411279919834,1.56031543993577,1.61076150385709,1.67717451403358,1.68876773354385,1.73697729146772,1.7913886426079,1.81293262157134,1.85327714823134,1.87018594925821,1.87849258085985,2.02804525835253,1.90687834469889,1.96433674725576,1.90752494311167,2.17576866071965
"61",1.28415259867483,1.35609187276704,1.38800583815159,1.433417539222,1.4685150005491,1.46049456319401,1.48259282882491,1.44385605864427,1.50810389988709,1.4584626715157,1.42887981573384,1.42639093686211,1.35856724565019,1.49359237269065,1.09083976824294,1.55186476334405,1.62405640072944,1.68153549338283,1.70854492295519,1.74209888541162,1.77373372123121,1.79531505203787,1.85148213740277,1.84466656841817,1.91319588204398,1.9567904719369,1.98431073787627,2.06599952971709,1.94048915974542,2.35084647061727
"62",1.28754805086848,1.35958745826941,1.38917324347447,1.42673843020027,1.44477165579478,1.47280853747408,1.49260994600221,1.48552541958788,1.43239004125665,1.41695617045999,1.38187450262124,1.42394181098076,1.42485847553993,1.51218837336343,1.21323945741179,1.54679364372002,1.62532302562358,1.66902530782591,1.69522754267966,1.75534349456504,1.7688002916661,1.78846396366976,1.82368360850448,1.93175544153634,1.95213030154945,2.01578605235007,1.98366658506391,1.99674919468185,1.92466814534206,2.22936556943113
"63",1.29943270891142,1.35750531612398,1.39699025747808,1.42630349794709,1.4646802262954,1.45972288276496,1.48014418092043,1.44569616158002,1.37385149220736,1.42790185367166,1.44364812350659,1.39884508821757,1.42319340578614,0.536962362550641,0.818146258477263,1.56196396966853,1.61129615206139,1.66254203843352,1.71566393479293,1.72161360530076,1.77246197366333,1.81504224332955,1.87256491912373,1.98553971152132,1.91673602230392,1.93386379832887,2.00740213053654,2.00556554083427,2.88765214451276,2.62822998083814
"64",1.28677549954534,1.36091729858431,1.38994219135656,1.41597215105089,1.44464882924034,1.49506870007949,1.45654996861655,1.4733195326903,1.4442770887109,1.50460230283394,1.41507144956889,1.44120118445345,1.44664739315804,1.48147146253378,1.2963520298845,1.54978497733299,1.62137691305337,1.66394234312304,1.70445596380547,1.74384310947879,1.76611439808302,1.81727761769351,1.85200931122616,1.88992593031535,1.86865340192732,1.97550088114923,1.96843379119513,1.96871205511198,1.94733806753545,2.14538227575888
"65",1.29391584991703,1.35358414686245,1.40101908171432,1.4257052963312,1.45388034934993,1.48752927162912,1.49394487152466,1.49995277833127,1.45818901989749,1.39461161052004,1.48619535123393,1.47029279374284,1.37238939646892,1.15032320450938,0.706248749015979,1.54885075032421,1.61349496754005,1.65586361908919,1.70471009913273,1.74195221760739,1.76530648768774,1.81542617079948,1.81088405244411,1.8826534864185,1.95521263344011,1.91466342971852,1.92171836397707,2.05089345219096,2.27381016027934,2.74405405253849
"66",1.27852003637347,1.34608789505592,1.40603228285123,1.42627004519086,1.4665336549962,1.44636569699281,1.46412013170469,1.46989133754433,1.43522061056863,1.42229638232256,1.5026941667392,1.36306389274826,1.47687971252345,1.3776002432082,1.32457027216732,1.54501852027711,1.61108221099868,1.659663367307,1.71892244914754,1.72987383666919,1.77927332703572,1.82200136030618,1.84200163976067,1.90689866883449,1.94808685948586,1.88193143270209,2.03554566154912,1.93880187280992,2.04016008807671,2.1174837128952
"67",1.29539548997666,1.33765039708397,1.40159071846012,1.42735574575525,1.46451706822343,1.44025620662784,1.47153479038935,1.50155574012903,1.49932916665429,1.5105908827446,1.3598280753613,1.44547200902958,1.48062673582124,1.34731469768471,1.49881686045021,1.56263803910136,1.62402083626865,1.66159278345274,1.69277503658842,1.7276054527777,1.79018147125789,1.78848966199177,1.80914871819768,1.8555468780234,1.8464116113434,2.03335243877899,1.94997565859417,1.954815840587,2.0883764371941,1.93498259754651
"68",1.29304580091855,1.36018164891668,1.39903010496421,1.42968614777443,1.44160346280851,1.42680287307469,1.47779268290078,1.49138660797193,1.50603367702431,1.47790987914185,1.44202274187387,1.50481548068707,1.2620031826863,1.21900710682942,1.36742238949983,1.55857506245681,1.6142398594303,1.66838006577722,1.70193722896715,1.74295773933148,1.81517695081251,1.8092174397311,1.82342022038211,1.84693810252319,1.8801996129734,1.94051409528732,1.90257814325415,2.15258208393875,2.21524493915996,2.05859592659725
"69",1.29683700877706,1.34949469683135,1.39798774499858,1.43835154900604,1.44294609116296,1.46540850892284,1.47686639252126,1.51865520324277,1.46597924417169,1.38708729046676,1.44020018555228,1.40415532595674,1.33208596197368,1.32198034150599,1.42590352309683,1.56240352691496,1.62228317154538,1.65900396435929,1.70052762763114,1.74176021884032,1.75067537206697,1.80466545838008,1.8021838057778,1.87261936939732,1.98431693295739,1.93685531144199,1.99530025050669,2.07887725250423,2.11397998166754,2.00812314662136
"70",1.27733344156203,1.34429243552235,1.39076993485749,1.41647631919655,1.46521452132032,1.47488006867371,1.45544207102121,1.42803462815998,1.45669415204853,1.47654010416395,1.41867904166997,1.43341574971295,1.23315177732218,1.48735738226422,1.41110503163108,1.54572233316592,1.61627507275025,1.66606141554127,1.70133513637188,1.73395637658376,1.75918975128649,1.81653806703674,1.89152778357214,1.88130406606499,1.88245316582623,1.96386149050057,1.97329634396734,2.17776421691704,1.93936219546314,2.01485345835781
"71",1.27612834243209,1.34664027682765,1.38550514130061,1.40891806606267,1.46179041835525,1.47314267543158,1.47775027070676,1.50610584559073,1.45365859148772,1.39223343672425,1.48272233238448,1.4252614546137,1.49651663121735,1.35652114337241,1.13889528090723,1.55603710042633,1.60942584894214,1.65616869495028,1.70663150593336,1.7401347116668,1.7649357781316,1.79625487152574,1.8177972906061,1.87251390698966,1.98078330396703,1.91816408725009,1.97638599405967,1.93243324085296,2.06419649723567,2.29710338383499
"72",1.30289475414362,1.34636445346801,1.39009963810728,1.4384620169423,1.45685620756303,1.48977339483712,1.46884217412776,1.50582585252919,1.47805790431637,1.5023188137905,1.46274696684959,1.3987413398322,1.36509379386831,1.42720300699628,0.813053596610059,1.56403709943429,1.60923736458984,1.65880742114177,1.70568930480622,1.72964516670428,1.76724580833464,1.810512737081,1.82513705501372,1.86022058790543,1.86898137674931,1.92456741604186,1.99475701259174,2.05416273860039,1.9893300395405,2.63259931629991
"73",1.29671546138619,1.33945356458352,1.41213696312701,1.41555493286549,1.44488880742031,1.4394256997369,1.50311372062969,1.4495935801229,1.46725716070457,1.46571005564761,1.46325786693876,1.29213556730996,1.4208584560392,1.34480039662203,1.51786960495807,1.54809844390252,1.60954952135302,1.66903561170109,1.71053815637729,1.75130059806278,1.79926697676799,1.78990514900592,1.86129112064866,1.87252624522326,1.89251727314254,1.92207494603405,2.11916909822356,1.98713957251578,2.08371377563503,1.91538299567577
"74",1.29429444747292,1.35651928578258,1.39367890327742,1.43292120366111,1.45827469702751,1.48544025660776,1.46020774539309,1.47316578044487,1.4589591778062,1.46227415971874,1.48420053761933,1.40838097154871,1.32699331895057,1.45366361527812,1.38925959139502,1.55791384292954,1.60895683433199,1.65156962215843,1.71868467985921,1.73981243149457,1.76260211857678,1.82366027654791,1.83410300223733,1.89726874485657,1.90357854968949,1.91812053604723,1.9956393164623,2.08324240981159,1.96402548250425,2.04386822613208
"75",1.29298556651212,1.36306041369474,1.39709034787982,1.42959346069484,1.46866011216663,1.48401722023588,1.48765058179539,1.48671273516563,1.41733108202154,1.46281085377871,1.48633879437291,1.4845175288705,1.43542227221616,0.603932477938546,1.36226001864525,1.54618444890967,1.62663387270473,1.6590828769553,1.71245963350373,1.72670171258407,1.75714903342148,1.78812051771163,1.81553947321874,1.91783634576911,1.88912704903768,1.91098807300485,1.9177732500258,1.97875867458164,2.82919724249042,2.07586928651449
"76",1.29692150733488,1.36096585631213,1.39376507472072,1.43023295054488,1.4676395365272,1.46098031906647,1.48461238372883,1.48486542143931,1.49542055869729,1.46744028838096,1.48717566325212,1.46372244461716,1.32233821945962,1.31300128023265,1.24080225069464,1.55957641283301,1.63177237558869,1.64747807306268,1.70056598222506,1.73681017239218,1.7729366380934,1.78676953921202,1.81538595474065,1.86168950672257,1.88931746709181,1.90186453252008,1.93370252795783,2.10216786371666,2.10018200731279,2.19386504168814
"77",1.29809277941883,1.35597932235957,1.38618300093954,1.4322952767455,1.43890544026897,1.47039086154007,1.48083816785094,1.49102107312752,1.47267936574706,1.45926165033202,1.51291564339892,1.49519967249545,1.38124289788777,1.40890466283145,1.06803412387233,1.57885551696354,1.61801210089182,1.66258780150443,1.71368045502969,1.73896080364515,1.76604701637668,1.79842836966793,1.8296973995755,1.87551139329516,1.90782524633086,1.86964801260519,1.91254685684683,2.02534796711643,2.01753631453956,2.36462043881863
"78",1.29383547970077,1.37050120107509,1.38640769189385,1.43678606101517,1.44205443035593,1.46090849501312,1.3959639652463,1.46077407750148,1.51781290774409,1.46303607615645,1.36146677042196,1.25925943860031,1.33321309222991,1.39187614438107,1.3026537894849,1.54679301314934,1.62483616581644,1.66484599698503,1.70739078638542,1.72976743020142,1.77672047311434,1.90007477864172,1.84744868346629,1.8307554501002,1.9113811769152,2.02680619167002,2.13627255758558,2.07704775398222,2.03426047023211,2.13513204429604
"79",1.29117268983052,1.34866946768994,1.39266222540954,1.42702869784634,1.45361938315431,1.47200574645131,1.4408315610149,1.49260978981643,1.43675934689841,1.41081396272576,1.48277725341488,1.49506671151542,1.3758581978641,1.37193931544304,1.18859970966467,1.55879111466246,1.61690201462686,1.65891673062027,1.69611091651656,1.73260144752274,1.76270972827162,1.82824908832218,1.82485528675848,1.92351351286733,1.94177205195903,1.89744698225371,1.89430766306126,2.03932764278314,2.04821509303115,2.24135944790181
"80",1.28922488637791,1.37367789131187,1.39760289679949,1.41647238005028,1.44133872480386,1.46740530677258,1.4789102720335,1.45573855790369,1.41066239816534,1.46544435833273,1.42945188248187,1.47112493188021,1.48397404408447,1.47159168492295,1.30036701679668,1.54243965405951,1.62547680131215,1.657898024638,1.68029309650415,1.74289440812128,1.7678236255036,1.79628393255908,1.86089458746822,1.94169087140829,1.88703072174526,1.96099626581012,1.93397278505404,1.92677828176271,1.94428852527907,2.14080192837886
"81",1.29221293474762,1.36330890115018,1.40496406464157,1.42398507427232,1.43924732698991,1.47874888471709,1.4879597294598,1.47476812138423,1.45550485312567,1.41633057708607,1.47449803706138,1.42980717943384,1.38118283058285,1.18923406824692,1.13852422469316,1.54901036222666,1.63548079305706,1.66202552473661,1.70144576932702,1.73377787520616,1.7620503141344,1.80523201114265,1.83847611137397,1.8750858032517,1.95290813477745,1.91566639562476,1.97711589712353,2.03321062377854,2.2407892465232,2.27629121766891
"82",1.31344086599666,1.34538863370481,1.39196308154787,1.42947309937293,1.44236993006769,1.47749192545909,1.493340220198,1.50935346824596,1.50268005726429,1.43857270295438,1.45266639939772,1.52881608609463,1.40148091307566,1.39772279475261,1.31841248162021,1.57345591549766,1.61841295492016,1.66670506229265,1.702036152529,1.73234325421847,1.77153628504494,1.79379439944793,1.8172440002031,1.85341442531035,1.93484344223074,1.92456556382725,1.87013032028172,2.00975406953802,2.02330287314884,2.1100591293819
"83",1.30065333165108,1.36350258247505,1.39370825614029,1.42584442918344,1.45098945257531,1.48486287864791,1.48853836884076,1.5139224183767,1.42569514148536,1.36337141107119,1.45303165074613,1.46005485933812,0.562782096188651,1.24100142270617,1.34384552477033,1.56100664836011,1.61992560166608,1.65423160292224,1.72117892229882,1.74099517542338,1.77193513621798,1.78220111989777,1.80689757639652,1.91440049097129,2.00799515599487,1.94149590399026,1.95001259288564,2.85454160433356,2.19584027119793,2.10532697165213
"84",1.29857419621845,1.35237915006755,1.38590187728348,1.4264553303066,1.45549832943396,1.48057389876103,1.45405470773202,1.49038847000147,1.44609394432066,1.43121139987618,1.39044326240729,1.33831136225337,1.26418119810443,0.823434702841258,1.40222106921922,1.54681644438523,1.62764649188436,1.66415587875278,1.69706254090897,1.73263730142587,1.76557076979121,1.83952936090914,1.8352184934985,1.87294534902254,1.94610084674622,1.98418195454165,2.07451617987859,2.14130693243144,2.6049499692721,2.04608504063471
"85",1.30005575478778,1.34855132225001,1.39174854323709,1.4049913839962,1.44577507639077,1.46153970658186,1.51246468664432,1.49226666085224,1.33739613448276,1.4875981863271,1.33019816972048,1.47433461646857,1.35931291884128,1.29070073658135,1.37649056265399,1.55945745819585,1.61811601679691,1.66652374923259,1.70431681805256,1.74533612043162,1.7777533854119,1.80180035961461,1.81935893454059,2.00363077560831,1.89288397458988,2.06290865899655,1.94013243661841,2.07062972799556,2.1278791555537,2.05521391493121
"86",1.28453542617435,1.35864297959223,1.38833576165813,1.4295680813081,1.45643895325204,1.47016454372544,1.48125795193151,1.47193917210528,1.50039886831893,1.5080903239192,1.42911688459812,1.50497284755096,1.34967557894185,1.45710554790613,1.40564278069288,1.55304281886174,1.61833130927809,1.66429353061781,1.69432924484112,1.72808827147536,1.78442292743008,1.80875014504168,1.85877456995914,1.85488974326089,1.87415299139518,1.96559162514226,1.88784215238695,2.07013300690559,1.96452014693402,2.04696354939768
"87",1.29984506094079,1.35538894013485,1.39186075089994,1.43918264363971,1.46269716132385,1.46508976122539,1.45973941181766,1.4771856897484,1.49427421935485,1.46597713205523,1.42889249123065,1.35188291791513,1.50623610304784,1.31540086680362,1.41216270321872,1.5542118768844,1.59909760476919,1.66150839568976,1.69536900741619,1.73094056334733,1.76153903959442,1.82813959097144,1.84285822204299,1.85176101532973,1.89515445267985,1.97541898524182,2.04801735740723,1.91387995799276,2.09834511693534,2.03127968311904
"88",1.30342420130373,1.35617080152627,1.39809976800937,1.4218101463882,1.44741567851831,1.48782497774478,1.45532002650324,1.50085025295115,1.46046739902304,1.45956470738951,1.35109857352716,1.26341879272956,1.46187346806364,1.48029441140109,1.38114733249221,1.56595990310054,1.60971411982013,1.6675827784202,1.69732050825629,1.73857387612483,1.76131867337859,1.82337627359131,1.82289851442433,1.88587444755225,1.90822276953258,2.033489076038,2.13045212612167,1.95790822667786,1.95646292041784,2.0490072227247
"89",1.30457027221236,1.35608578466835,1.40706637743736,1.41348688061954,1.45140355439512,1.4544987847571,1.48198927017661,1.50357251252254,1.4731325515016,1.4871484202673,1.41996425353254,1.48736700691844,1.11199542767556,1.32383589622126,1.39829606229068,1.54946409227378,1.61667599990879,1.6683768282035,1.69499861702235,1.73685564375216,1.77743680871854,1.79945598240963,1.80882326182434,1.87548765254885,1.86968569174811,1.95444146469056,1.91680081069403,2.30990477491467,2.10270154356246,2.04048261384598
"90",1.28895488292537,1.36397861893786,1.40921641767908,1.42725675938136,1.40358589155878,1.47752372487755,1.46918125535399,1.47656084982624,1.45922515815755,1.50340601305117,1.46688932734985,1.4582629729129,1.46375073924747,1.47192356260772,-0.951802793870345,1.55972239800844,1.61743164145047,1.67065763639755,1.71039295202972,1.78085823356663,1.77314972908375,1.82986218203574,1.84232215242589,1.87557214742368,1.86920464585949,1.91723943167526,1.94170188277321,1.95701282313892,1.95512779177781,4.38419894643097
"91",1.28615803695437,1.34624318270516,1.39560530637008,1.42638570720692,1.45368040879971,1.47374267938143,1.42420707409623,1.4973589149704,1.43592787688689,1.51334479460659,1.48449065989832,1.48736476257833,1.2929746630812,1.44155289312181,1.30852918881406,1.54701282551527,1.60852602380029,1.65333464774302,1.70714348759462,1.74846251767402,1.77729127594709,1.86204110801931,1.82002897135288,1.90051752543855,1.86153502893217,1.90298329942719,1.9119405948975,2.13471513471674,1.97727808097549,2.13224096353741
"92",1.28530163650404,1.35923283524025,1.39541460410793,1.42375282383255,1.38711680776245,1.46116946095547,1.49336259290687,1.44698621951243,1.4381588494657,1.48718610258564,1.42519869590868,1.35757823959353,1.46293707311514,1.2735765412745,1.09994985606258,1.55708435841937,1.61929431833356,1.67636833291153,1.70863475735037,1.7873372908341,1.76378650405735,1.78911406278389,1.86187969249407,1.93561510191767,1.87316256581243,1.95089911667979,2.05908636167961,1.95094355003424,2.15682350930467,2.34498114190057
"93",1.29605302118878,1.33243394077691,1.39566376388532,1.42208768032768,1.45066068480425,1.47332895190203,1.44437609518757,1.47625328501501,1.49369447670008,1.271168660275,1.46055440459634,1.33355072745677,0.880251491110894,1.28019589382761,1.09783202851215,1.56775652433654,1.60599627631345,1.65744345192245,1.69757825783802,1.72466222459029,1.77773263360299,1.81165270854683,1.85881356660404,1.84599891814623,2.08495169307667,1.92151486528165,2.06393957727063,2.53612017644391,2.1485933364203,2.3311276656092
"94",1.29241274580963,1.3655068563942,1.40828235145797,1.42008635773082,1.43906419153757,1.4654551327042,1.45409253249193,1.47346377224617,1.43899702788442,1.49806405977998,1.46147282273907,1.3245458453667,0.378310040272865,1.47090805145063,1.30774038927632,1.54909028231063,1.62063468489857,1.65814699526253,1.69736399829645,1.7430341217335,1.76092874640762,1.8351424305474,1.85061886273776,1.91085162345014,1.88276207114793,1.92381069184784,2.07571089086133,3.02524961395009,1.96137364424889,2.13221332301203
"95",1.27914766681074,1.35356135365208,1.40158850902865,1.4343196824412,1.44489516696371,1.46850075763378,1.49855364934317,1.50276073600584,1.46653041332999,1.3592547597344,1.37394802670712,1.32912025799507,1.43966629772986,1.1071219139518,0.780351810494144,1.54261425141882,1.60973005549462,1.65594503169314,1.70317842796119,1.75022052628384,1.76335057300115,1.77538103110579,1.82357135986849,1.86499086637569,1.99398847986033,2.02051509899831,2.07338200238049,1.97263500094028,2.30861433137181,2.64911453926593
"96",1.29921473220002,1.3488596366563,1.39177314410695,1.4122837061106,1.46383039028172,1.48258203853821,1.46575315258604,1.48687089471452,1.45140133960808,1.49063004785246,1.43989984032354,1.27618219975163,1.2574800906256,1.22882678787197,1.23914907706565,1.5620718155965,1.61137359952792,1.66046399546818,1.70076359056808,1.7375515689636,1.73952790227824,1.81563900168738,1.8298125358395,1.88092329604114,1.87961947884489,1.94699362320552,2.12849892179329,2.14280906547322,2.20436781682521,2.19992340791173
"97",1.30016433425315,1.35102028456995,1.37990880498842,1.43355002791374,1.45642124285851,1.45113160920401,1.47277669470668,1.36083053071508,1.47625147301434,1.29623754558959,1.37413432840049,1.3149948699781,1.15945583038121,1.15512426567341,1.38248555574001,1.56103607009764,1.61232872120516,1.66820022921906,1.70998909003563,1.7538108031808,1.78760938790303,1.80048118450611,1.94653175811414,1.87922255352439,2.06070897190257,2.02505898733633,2.09474085870983,2.25056151443303,2.26414389949893,2.05092474129074
"98",1.30019597580435,1.3475603694302,1.40297419400981,1.43208333645505,1.454151554482,1.46224902165472,1.49586569202648,1.47739335537971,1.49917527916778,1.51629334822545,1.27621711424513,1.38737732477499,1.34056987683824,1.44085488383725,1.46768436863962,1.56159515828335,1.61171642814533,1.67702079740417,1.71277656848311,1.72671938431251,1.77196225047513,1.79246174611466,1.84402422169207,1.85690420591638,1.8363336127686,2.09319861949877,2.00081657026826,2.07242689392418,1.98398398372939,1.96974491173401
"99",1.30179069753655,1.34844766532845,1.40755493426762,1.42858821079503,1.4675943416091,1.45192983614521,1.46152839257996,1.47748661117256,1.48299309176621,1.43549947071172,1.51504977175916,0.29786609408763,1.30451526401226,1.31877130614475,0.583298984849961,1.57685903478575,1.60778269014142,1.67109462856932,1.68482783531785,1.7513026920442,1.77909571925652,1.82831391194698,1.8430680079409,1.86722292518824,1.92080272822871,1.87408718468061,3.10371025514093,2.1121432573836,2.1004060367113,2.84788135077128
"100",1.301085627358,1.34400745883186,1.39092965182933,1.42949096154226,1.46053175783232,1.48650722337241,1.44136002730313,1.46029400143242,1.51063892173725,1.50566676116279,1.44145906554046,1.3625204023917,1.4760973546432,-0.0122860131005611,1.34562472194507,1.55705868929261,1.59956431219641,1.67350480741294,1.71461592223454,1.74346459213756,1.77647516095674,1.82012444251849,1.84599281537704,1.8298145217487,1.84852534916889,1.93828549511104,2.04126245352016,1.94096919319053,3.44399755960539,2.09551444966088
