"","V1","V2","V3","V4","V5","V6","V7","V8","V9","V10","V11","V12","V13","V14","V15","V16","V17","V18","V19","V20","V21","V22","V23","V24","V25","V26","V27","V28","V29","V30"
"1",1.75915596244777,1.83422337414413,1.72993920087579,1.72809350436507,1.80600212044468,1.84346554628387,1.729410157757,1.60726419624803,1.73376470814498,1.72293414213974,1.74160869062661,1.60384435669762,1.89586320553221,1.48772466678189,1.22260443122463,1.99619270786884,2.06968006617192,1.97777929548924,1.98931157918353,2.08385610570311,2.14324363867956,2.01900950592518,1.98149770759166,2.03462862211113,2.19672536473955,2.19302508975014,2.07276954418056,2.53754845224297,2.08612913647033,2.3179049523697
"2",1.78011745633599,1.7864480528113,1.78661199720581,1.70958763198661,1.74638401666653,1.82438017978878,1.71714223793069,1.70125370741983,1.66655563560471,1.82257871331805,1.80781981239514,1.61864349605101,1.8149822100563,1.38119331613033,1.62466224536378,2.01743639547009,2.03712995429538,2.03429040001652,1.99684272864002,2.02089062091858,2.10699566904864,2.02566421676069,1.97957688223578,2.14060501479113,2.19521352101617,2.24372880447578,2.10354287786728,2.47434889726428,1.97791163215904,2.25719871572428
"3",1.79091672848782,1.791083137507,1.81412939929084,1.7366715838838,1.81955069938173,1.77252900576215,1.75023074728123,1.68359853321054,1.90280480590152,1.67764872215505,1.72194153793868,1.6247396098493,1.60125918692802,1.52698928980166,1.32401230306235,2.02809855879849,2.02814346330042,2.0631384193658,1.99798245837473,2.09166212197752,2.0385236450787,2.06543031256219,2.08143785881838,2.25703591071393,2.1097990447176,2.14144433133113,2.09230839487541,2.1416487532089,2.03976179389239,2.03148651828374
"4",1.80772368836883,1.84528837074683,1.81876432947272,1.8268535794527,1.70944320813561,1.74933129740879,1.87035776502759,1.50192134399882,1.66050184391581,1.2557649532743,1.83582119235159,1.47858998278412,1.7979557222897,1.27759581286321,1.94387482219965,2.05931923822012,2.09053909640719,2.08029781085757,2.07893524248796,1.96545004179421,2.04167356281091,2.16667603173685,2.00913071468425,1.97378006942988,2.26402736421986,2.24735930711818,2.11279713685847,2.19128835976646,2.2396778932833,2.4470111351204
"5",1.85331800228617,1.73549664135808,1.78089926890165,1.84256406400695,1.72650640770014,1.77459019580646,1.74933533968751,1.6792300114044,1.68956720750784,1.7805233026454,1.75274666436085,1.56171041570197,1.52244591752532,1.80294587213024,1.03754761960526,2.10760539252803,1.98343093866491,2.0400481716752,2.10340304786709,2.02723762569883,2.05538404034398,2.07397877824549,2.07112381420782,2.0701366641729,2.13546411897449,4.8382071664275,2.52155234214511,2.12356105650833,2.16737945959605,2.27687678663674
"6",1.75547279429042,1.75110866913587,1.76915147568817,1.76428669931714,1.6880029173568,1.81928573649818,1.84648117720902,1.82190618993815,1.69940094940875,1.91628227163913,1.7711753968704,1.72319613041265,1.78864531517637,1.33303476418392,1.39148711901773,1.98072315535797,1.99570682262473,2.02440784850023,2.02091909435537,1.99110657720117,2.21426497152976,2.26079932718761,2.12139509199595,2.15543916835127,2.4009783833389,2.27247567011613,2.63573852413898,2.38889221896214,1.91279316920514,2.03752250072534
"7",1.74581708043661,1.75325411458929,1.70838947300818,1.75699404402747,1.72681197045879,1.78147314903367,1.76320260155104,1.81197661212928,1.84953839734451,1.66333587378537,2.00461097718161,1.66828914671379,1.47555058775134,1.8617294534821,1.70075209862702,1.98223070492207,1.98893218817495,1.95019629869904,2.01422846988766,2.03652633342691,2.11755940410528,2.10309572624968,2.25741177496082,2.17819728986917,2.06556870274441,2.64174641800411,2.04122692943286,2.08446340490107,2.26559716357819,2.70285779933859
"8",1.82110969849263,1.76049623335237,1.81154481849851,1.82819928244059,1.78406529457534,1.77362220172452,1.90817607491013,1.75171792173467,1.72960575273854,1.7940151525773,1.66460097558476,1.6499192162151,1.31215628923942,1.4609296539233,1.57160666258088,2.05380767981871,2.01526694448975,2.0585833075479,2.07913117468854,2.06041139613562,2.10886519577434,2.21758133438434,2.07635006327432,2.10204404722566,2.17307533929094,2.72484250521576,2.06073307080522,2.3324212350981,2.3940500370501,2.10417212120994
"9",1.76557874772402,1.83250715501871,1.72432337064115,1.74860403196212,1.79685657713385,1.79834979466776,1.75529463044423,1.7930037961495,1.58672777532038,1.67574530856601,1.73503725796859,1.29821359026123,1.18888742589735,0.880548542392604,0.982890771284528,2.00830360150477,2.08780385772212,1.96236576940839,2.03305996994654,2.07304250455608,2.08730931137195,2.03740038891893,2.17949636601437,2.21823711827357,2.12295093082809,2.07702382735314,2.18815423672898,2.14597713346069,1.9808169657398,2.0935525569888
"10",1.7662184397306,1.78321599030826,1.85115819304733,1.87190960756115,1.76323323803724,1.80512807308489,1.77640198879288,1.68048052973486,1.9146952504109,1.43192641232632,1.89978759284647,1.76232600501938,1.88586879842036,1.71207018223206,1.48604683845723,2.00362961355139,2.04608189655002,2.10701804226317,2.14124306747469,2.02393178034384,2.07735872670732,2.08009047564349,2.03665984952562,2.24066077812647,2.12084114515035,2.48525329494303,2.45169710326386,2.48667039342735,2.15705506010964,2.09291922171478
"11",1.77775976077591,1.7176876176056,1.8341044565589,1.80854104828153,1.88427693721951,1.80388077394325,1.79216454045951,1.78706864180806,1.81495106184409,1.85894217388645,1.71287740883968,1.76490284319282,1.87296158241256,1.54120166220064,1.14681898652741,2.02025059928326,1.96471546916302,2.08240332878656,2.05849350305397,2.1721311371343,2.09056586729125,2.11954268769809,2.14289945272438,2.13728141762664,2.53020674676897,2.09685407605925,2.13234976609369,2.66691444744683,2.09124048574101,2.09995241294205
"12",1.72121973405746,1.79923127490138,1.7365206383743,1.76751227984857,1.73390136206225,1.82653257538202,1.87213201507666,1.67569876021822,1.63786101687319,1.23955296171328,1.78005444658534,1.51938594439583,1.21967033830101,1.81374836600496,1.7957592573406,1.95788273984418,2.0394284475496,1.98070747565025,2.03159793776357,1.99715015211829,2.10269689461048,2.17397372271194,2.20234649946106,1.99684708102378,1.97416738111402,2.31774382871351,2.06432000294495,2.09867565304629,2.41792981082272,2.51776305209627
"13",1.80440394747751,1.73804626107597,1.80526137902604,1.76388668232695,1.95960093486404,1.58889956623181,1.80742619136745,1.87924249396007,1.71001074622825,1.74833356596518,1.69581352087017,1.80005839661293,1.88610825573438,1.30611905093034,1.62055097438788,2.04912480414255,1.99353341058159,2.06092031102507,2.03866723453818,2.21915210059589,2.01127232807502,2.10010953029237,2.25620653554637,2.15905883558458,2.10818090235831,2.18433889884845,3.27105436628709,3.02257530328911,2.19337669954286,2.70195422043062
"14",1.74938972019244,1.88544739332988,1.79558765766758,1.75291210434821,1.87875763698399,1.84634942303059,1.83160589317431,1.73482120864127,1.8461995011561,1.70058437877334,1.63162294028707,1.71036488607959,1.71521176461257,1.42620461964681,1.60160266367393,1.98757608742001,2.13605039031594,2.04423805021545,2.00373104851239,2.14627411672479,2.11727433565797,2.12689185280687,2.02481544867742,2.24266353695288,2.11048255939607,2.31600775193607,2.15301188428412,2.83116339336695,2.07355993366544,2.2742280575417
"15",1.70884989571711,1.73246604938911,1.70875605699818,1.75631228760146,1.71303307707749,1.65487705135351,1.86927621179507,1.76321475977612,1.64070066935843,1.61482124656661,1.31951787329603,1.70465817848349,0.774610106152483,1.32437478995316,1.7664237777961,1.95029599725343,1.97762628231244,1.97192452990262,2.0269920905442,1.976223445876,1.97531144639736,2.16308326655584,2.09903041350408,2.02875526160785,1.94576465207097,1.89287256954117,2.16852405346051,2.43074568775887,2.21746878769942,2.23208388068682
"16",1.77463424409837,1.76716755145289,1.8609549935923,1.73147758776342,1.82296805959101,1.79879786253784,1.67794945086601,1.76703052732704,1.78266313892888,1.70336096385997,1.62806042515705,1.88173961739565,1.80237722657485,1.82137019424589,1.63528281177723,2.00609072166801,2.02476718075245,2.11919925246125,1.97931004785149,2.08895176334205,2.06790982136673,2.09401167427335,2.13006331388335,2.15795252412619,2.1712320651605,2.03961782557606,2.4312151647759,2.30942437759267,2.69552798186171,2.09531447053056
"17",1.8084434093584,1.74012707837001,1.79410152060588,1.83653733626001,1.77757486566654,1.8718419674166,1.73297834929634,1.75873468362141,1.23831776366163,1.79990578157351,1.86529440918005,1.71332898123321,1.72396391238594,1.56623062144978,1.4089168301054,2.05246429554473,1.98812161506784,2.04311636022254,2.0957418914029,2.05821926974759,2.14927082518208,2.03747682422572,2.1762136720162,2.18558743866939,2.26424489658025,2.2102047228721,2.20118662816836,2.24181343834531,2.70137539702287,2.27788904925326
"18",1.68506555919924,1.7745284019939,1.7974452892972,1.92025178593275,1.89527157977754,1.78822433392467,1.68892580264557,1.91995136674651,1.87810176907773,1.86629347450264,1.69382344986823,1.60911753972621,1.71432015986656,1.61911957100746,-0.232969964612109,1.92396548107588,2.01489631547019,2.05370616216587,2.18070581841416,2.17036160816601,2.05711816865529,2.06679434117295,2.25730829396239,2.23761108026121,2.2524928121392,2.1686265691301,2.14702449549052,2.33521446660238,2.43238253082746,2.52039814244546
"19",1.79782932559072,1.70789579788747,1.75889741944166,1.82828520843509,1.76773742961048,1.6610562620309,1.84325511404494,1.70619896348783,1.80612215847575,1.8939350961205,1.64871605706643,1.57079297498163,1.53786263405387,1.60281089322972,1.59889713891392,2.03928754715105,1.9578362078727,1.99838356497198,2.0905902591351,2.03660211381919,1.98108673856707,2.14123993240921,2.03536951896641,2.11330966710104,2.44203216036053,2.14693016341252,2.22654270921093,2.01753278076445,2.52259663259237,2.04878926681987
"20",1.79286372209365,1.79755881363549,1.93368350402537,1.8219508174628,1.69200225203607,1.75101060046058,1.61058161807271,1.77864419777868,1.40399034076311,1.86256595765223,1.66816654989833,1.74728350222287,1.50883507690649,1.30255398250888,1.29075878058129,2.03400207353665,2.03986332915807,2.18414810883185,2.08427390593879,1.96193691397961,2.05496016400917,1.9569324940805,2.12688055277883,1.99075984407937,2.31882145583614,2.08592124080097,2.42151348077303,2.10194771412192,2.15943218833077,3.24583567573053
"21",1.79174092521504,1.76965619220761,1.75239062814453,1.82775692591978,1.63124091504767,1.79549498749099,1.79684340104052,1.81787198487585,1.69272111628166,1.74205434800761,1.39603954001809,1.75520814693387,1.73513486040032,1.48940282207341,1.80630994028429,2.0187272960926,2.02772378844673,1.99713151302464,2.12193300926306,1.96297169927141,2.09225199037208,2.11715113396342,2.189809644643,2.08243225711134,2.17121804632455,1.97208930587386,2.19271991985617,2.11678516300568,2.10494536686008,2.33004437613891
"22",1.75456177634434,1.78666724553269,1.80033696944204,1.69873827757293,1.77248571880368,1.89893582624901,1.66432723945022,1.82483035656065,1.66324343480179,1.43310181909353,1.72542774296626,1.54241586100768,1.68321771087627,1.6564770557869,1.4357847579045,1.98001718485384,2.03370838292148,2.05466703885034,1.99225451026127,2.04306544222315,2.18033627067456,2.01316339041724,2.13264421272739,2.04175997681032,2.14704483640946,2.18523417812318,2.11176841379011,2.29548164071652,2.29127115170607,2.15936155443664
"23",1.75158407788917,1.76792247853909,1.76261390496867,1.87287926329441,1.73585487008528,1.82971046438931,1.75195035707723,1.55707718780016,1.70755468368491,1.5850766890136,1.6503422037705,1.5926577049679,1.40433563084132,1.23990933128791,1.75154386929169,2.00245828745794,2.0182202053403,2.02225791109044,2.14820687765855,2.03362819330084,2.0835239839632,2.05697040022854,2.02237584733885,2.2652925086903,2.02191802746635,2.04953528982052,2.14836113744836,2.45109006967325,2.05188226513129,3.48379249078731
"24",1.73018461420862,1.73266164213963,1.85029099223456,1.82154536585489,1.83400639824108,1.79843968693778,1.79478335035767,1.80506199172732,1.79871968043285,1.49094784003376,1.89690082350007,1.51213696044306,1.68165140507659,1.66360982193662,1.77217922330699,1.96797553767506,1.97555499896578,2.10381346991128,2.0775744420475,2.1152949716664,2.07618684104586,2.10260436496413,2.14752094055545,2.17990551325331,2.20004444093501,2.52787074592165,2.12173103807602,2.24885080356975,2.47890748895956,2.14199193626803
"25",1.75656067079118,1.77291271850282,1.72979611048533,1.79192017166858,1.77637957308345,1.83986117444432,1.75807506146482,1.75591931937916,1.81427649579814,1.48056348641793,1.67677509479798,1.69303372032885,1.53611979538679,1.87209494134481,1.65149635749327,2.00914383786966,2.01409778922166,1.98949930411227,2.07199924066596,2.04161760311927,2.12625061882844,2.0470748214164,2.14178828706244,2.19147928347265,1.99404664481128,2.27715014888513,2.28540422898606,2.38029940788267,2.78948105333405,2.26199385764744
"26",1.80798498980715,1.80887709658991,1.89657449631236,1.80727992936183,1.87728627370194,1.85140496359714,1.84435062898432,1.80983433257062,1.7932614632507,1.70514469672707,1.6914839670292,1.88692155684934,1.500692056871,1.36676609107847,2.01953341482346,2.0478023810012,2.06284410517695,2.14866527046241,2.06000175468643,2.15678863451365,2.157453962774,2.12156978908061,2.18635045492529,2.15553214987745,2.13008007609913,2.19878124594296,2.47424421796018,1.99624865840822,2.03497993989001,2.63079703708956
"27",1.79795674630328,1.74679080162942,1.74395508998044,1.77983261980094,1.78466072127135,1.79324737295016,1.84779822011306,1.81046471965358,1.59916195755723,1.74601609968464,1.70484956291619,1.84591215891762,1.61797285442537,1.65056010001959,1.40062468780418,2.04185380105413,1.98456423914524,1.98499152313528,2.05060155205984,2.06019517971586,2.07628277562675,2.12625808091738,2.1800239036459,1.97119963300061,2.10442964536239,2.34378139630097,2.41926995842723,3.01195108750509,2.15082560292145,2.05639202243812
"28",1.76804382435765,1.84699343964496,1.73901766912059,1.85462088065245,1.79561987968258,1.76523797362297,1.82022611836988,1.83648427883551,1.69498923773664,1.67304621211434,1.49561576897855,1.80999138462599,1.35436590229998,1.84040581510572,1.62605742558458,2.00510220232491,2.08293092718618,2.0044473974241,2.10364050666373,2.07692558836279,2.02245025967671,2.16092556204613,2.18310488852735,2.08951582504155,2.0947889955386,2.03485762222821,2.29652982297478,1.9953520476525,2.52582450998368,2.77907844288299
"29",1.86098072458891,1.73452155146719,1.80334601796589,1.69939152707949,1.78674287620461,1.74819941264862,1.86551097899115,1.70695215480899,1.77801085686613,1.7137782954311,1.32310575541108,1.90226874023557,1.73095859811625,1.5274570942043,1.76979822160625,2.12309749239656,2.01280538265685,2.06618176609522,1.97926724716822,2.06121885219562,2.07783953912771,2.1597297627399,1.99674748897851,2.11168955938863,2.17745950728491,2.21253226272357,2.36763861479329,2.28838101812809,2.04146190355107,2.39843132330486
"30",1.79673604280214,1.74251036274331,1.78059683821678,1.86497025842853,1.86434511202212,1.61518888137633,1.78022486908581,1.81828648081642,1.646603723846,1.84903814770379,1.85117400666446,1.74970507839604,1.45476402756001,1.55661292549114,1.72118430586776,2.04148468402821,1.98497904605045,2.02390539528907,2.12364347949511,2.1276103818278,1.90207325839743,2.15022969427454,2.26217181053166,2.06262539629756,2.74912738940991,3.01117464041154,2.22795744411663,2.35933490960293,2.17026346194005,2.29260665109682
"31",1.68929493655982,1.82337992706218,1.7032432942074,1.78604458310589,1.74775708881555,1.77569666994702,1.7654746404965,1.82286412957368,1.72780572600728,1.85775602133794,1.73816651634756,1.43091468229772,1.72939320755163,1.86807960729435,0.790216426201896,1.93424127059423,2.07607722745249,1.95273193018989,2.05004388387642,2.02427278469888,2.03373286047535,2.05996736803119,2.26158818582559,2.15359347450792,2.23458236501524,2.19380770194729,2.57783470744178,2.31004307532849,3.56585579060245,2.10420238853613
"32",1.70686783520994,1.7143209259948,1.83131719876408,1.67587024673169,1.92459596248138,1.84842324818275,1.82346841650347,1.80386579363379,1.67111107672278,1.7294817426392,1.65548320616841,1.77474281832312,1.67072405819163,1.95984962593395,1.83736119548325,1.93769335041976,1.95313416094282,2.06986188785873,1.93869741626569,2.19320951374179,2.16258367846387,2.13735397603668,2.13627232484909,2.18984608870006,2.13284545055235,2.10527464865855,2.19038134917854,2.07367099422384,2.38980671737098,2.35288141812348
"33",1.75727437124203,1.75280511858832,1.72747940434186,1.92009327206746,1.78880050010386,1.69328819137692,1.91795652035266,1.59388378858108,1.76508191177701,1.82433547522114,1.77413267220684,1.96141083128877,1.85202526906163,1.65567484584037,1.40763239733292,1.99957517455322,1.99961892363692,1.98179353619965,2.18065819547843,2.06859699011905,1.97314174253875,2.26349171803712,2.13540988356889,2.11599945395171,2.35269371646376,2.18340592902295,3.18234407185927,2.37012653142011,2.17173980688645,2.15649229865529
"34",1.73363238834837,1.89996443424893,1.78698690570102,1.85520340788757,1.78926471440876,1.85701078031487,1.69687688048001,1.86375126056354,1.69226258819155,1.74381635990786,1.79902562197812,1.75257524084135,1.66761105197081,1.38323564671054,1.54239569462762,1.9764453071005,2.16120456102141,2.02904751633372,2.11121203564178,2.04111070741544,2.13834559284878,2.04647782780481,2.17817999387185,2.00139558875285,2.95138335321942,2.61032798706462,2.24620012494118,2.18051992201798,1.96698479196304,2.18052408830554
"35",1.63528301049472,1.87897437759641,1.78159289891476,1.82695201687295,1.72606569884248,1.82165835760245,1.80993849232568,1.87529225462135,1.60232311813384,1.63318792886795,1.45409610882927,1.60456278010999,1.60234199700344,1.6807566395862,1.64752171501454,1.86863989342417,2.12868480123704,2.03125900020472,2.10072102613069,1.99302357038615,2.11886381410375,2.10695607464935,2.21307366209993,2.07229361869507,2.08206143016314,2.11076026941501,2.20030951378247,2.06840571433332,2.381584379209,2.05165368418636
"36",1.69743144140007,1.86283154805314,1.9210666222967,1.84137046069727,1.8911285370003,1.81505998955777,1.88661726805239,1.79310255861646,1.75945004228566,1.56783996815174,1.52576835242159,1.67356023393586,1.63584684887953,1.63148498717682,1.4885975593988,1.92988688819236,2.10067284306065,2.18023600101333,2.11784015905692,2.14946536684178,2.12312411629434,2.17995512463809,2.17621204324946,2.11841198151754,2.03363828844904,1.99458940986131,2.19231517591127,2.31658788232654,1.98496254469954,2.04270232857985
"37",1.69885544927796,1.82024643414622,1.66434441435617,1.7994289940632,1.80040729948829,1.63163868202035,1.95724489260689,1.82351564342706,1.63920434143663,1.70701759804106,1.77367740478473,1.72385240599963,1.8143876826553,1.8579367054115,1.77840080437015,1.9275024000669,2.07362020334029,1.90163348396096,2.05096056224153,2.07322929220617,1.94604437739359,2.28924467070067,2.135543191917,1.95325686049087,2.10149093187109,2.1812801734212,2.11370533031274,2.55119000991614,2.38850095815683,2.36733135455531
"38",1.8167917186407,1.79179062531047,1.82256575723106,1.77287812902409,1.84989397101163,1.79474383977858,1.73610273457428,1.90495641646599,1.73508842664485,1.9039635175016,1.60979542237052,1.00361496283803,1.6942374301617,1.49021335809539,1.42499355238881,2.04392058117606,2.02987436701773,2.08253641775176,2.02930519725009,2.1605429475222,2.15230294948523,2.04333773570552,2.34200868216541,2.12828942097592,2.30229376026277,2.01278534403762,2.12687556595645,2.12290514819519,2.30162469320587,2.54702775996614
"39",1.8916768333458,1.76734151423937,1.7921008161111,1.72946346934822,1.82851585045075,1.72625329952228,1.72143194475847,1.94517912579171,1.61474398625174,1.7216964803778,1.87802436236814,1.70084002875819,1.1797363109965,1.77737779597575,1.47127532161562,2.15404041566598,2.00388013871383,2.03632728972842,1.98812634640427,2.08315407915002,1.99925656196219,2.05130502852569,2.29995235166932,2.15351335263712,2.25446740688519,2.36397457417854,2.25288000900571,2.7832191586299,2.96327651235993,2.11005051924015
"40",1.71454680560354,1.73093577978048,1.85238310654327,1.82084994657903,1.79294218516923,1.84620692904274,1.79239375148373,1.65811085509176,1.74742496780652,1.73970965539699,1.73942813896302,1.26871596407283,1.53223242124302,1.41588765417919,1.73960225477425,1.94515081362441,1.98110580840909,2.10164813080321,2.10051087827722,2.04848169972226,2.20030882569827,2.06537534723731,1.99378710172179,2.17607867007429,2.16058548957613,2.12263778591136,2.35178295475818,2.06491860944406,2.26075617820715,2.30572020059486
"41",1.77371948483759,1.81278127599163,1.77252184039278,1.77032206691681,1.7857107711645,1.66614290583158,1.8693866974195,1.93589044675948,1.77082860727135,1.68803155336009,1.08734514610316,1.37502015934535,1.45379467582359,1.25216498483973,1.67823742963411,2.02369601316465,2.04830092905407,2.03128392950592,2.04639873267835,2.04393876790008,1.97810567058545,2.1745769405075,2.25816682236754,2.13275191822415,2.09464664723246,1.99106977847974,2.18297962666887,2.14492173824982,2.70711584574181,2.06211591056383
"42",1.76387390526145,1.70111167773861,1.78744188702225,1.69425110474261,1.8751297728794,1.84402326374214,1.78360044561472,1.65742117798602,1.77777170462643,1.69429121314705,1.80355659757692,1.65499431493714,1.71893365420318,1.85756182511503,1.63359020563065,2.00871942391882,1.94044776368373,2.04592933136972,1.94489851677144,2.16377685567551,2.12441859209946,2.11874423361536,1.99610615594893,2.16440762551243,2.22828599144789,2.12633661775227,2.11026430509412,2.17750006563076,2.51891669558602,2.37773686536127
"43",1.7909109323925,1.81395029408672,1.81078973550329,1.76271495868146,1.78963186604258,1.8247239802709,1.89294285179971,1.74687033971248,1.85071547457903,1.83046588393364,1.71585769825542,1.90891302059742,1.39466718710315,1.7132948007852,1.69259535657276,2.03410958096467,2.0567789142583,2.06045053937717,2.01369128808759,2.06630110447132,2.13011641820094,2.2283469641964,2.05043824469669,2.23168192255509,2.39743411928657,2.30071605421665,2.46101776865088,2.33141492129098,2.13402672101277,2.15562109229443
"44",1.80206267261458,1.77853687521784,1.85947324808386,1.78847187524962,1.88558658138778,1.76867981414246,1.79458642169449,1.6981769082304,1.87638292834878,1.52057292609817,1.80517728549971,0.412230730525616,1.82273329001652,0.625554617293152,1.68579914433348,2.0528704909311,2.01834721212267,2.09696052756068,2.04653921341579,2.19921027666176,2.03073025335575,2.07833558261835,2.06384826799177,2.21316869223257,2.16965818610478,2.21898809485415,1.95649185390525,2.5434752259637,2.11715244429263,2.3466146862188
"45",1.73817164860876,1.67644821511878,1.83328765555991,1.76815913044337,1.84643704700236,1.80547884468972,1.85176431228501,1.8809957849396,1.80436386036813,1.63852173763753,1.79205003804893,1.59386794348446,1.6299988604237,1.67218224245175,1.59015763444823,1.98014578518475,1.91157087623035,2.08117802360623,2.0273819962684,2.11779204582462,2.10584608707013,2.15708183721297,2.19225229532306,2.15672747034871,2.00292001112058,2.26647553035276,2.35914070049863,2.06123376402525,2.32164132638506,2.24671041339739
"46",1.81769861463546,1.75772303968647,1.75581983261158,1.78155878988248,1.79801359001476,1.74494920050988,1.73138916941877,1.78699907169615,1.72266398666638,1.94742888753244,1.53552277953468,1.59690471282259,1.65321189065452,1.52964614278742,1.70088681668206,2.06385110967161,1.9977317743875,2.03061447532063,2.03931531987674,2.04588075524072,2.01813921810169,2.0159981690053,2.17031395560685,2.11770323307699,2.9446544735141,2.08693164863317,2.2248658255313,2.33004760896088,1.99383978299441,2.74987132313278
"47",1.83050355649321,1.79626754952883,1.81670971003533,1.84873881978219,1.81467929154502,1.69040933799787,1.67809309945431,1.7998634611505,1.73146853065284,1.88135140978248,1.79420255992658,1.81577920524963,1.44969289043407,1.6512721327969,1.57373180461003,2.07510356808253,2.04586684355508,2.0716986340725,2.11408741434098,2.09309164421995,2.02559334008689,1.98491359561796,2.19419700017374,2.1252466977779,2.26181132150017,2.31798699455934,2.32629769936671,2.01017937126215,2.23007731649351,2.20133535611938
"48",1.78189543193148,1.74981335706419,1.87048202858131,1.81777930539789,1.74018247144443,1.83660848855575,1.74216330738338,1.73341219109185,1.4041903871582,1.79138987075959,1.61629833781735,1.67518123671537,1.1755510581399,1.60629042723886,1.61329192873364,2.02562174535593,1.99279597291606,2.1287858790504,2.06327653479262,2.02763641773371,2.11132489564269,2.05788283775951,2.06583985666434,1.95828092411377,2.22843518332669,2.12112704265794,2.1524747750442,1.9665500491331,2.14789182517653,2.12924252916991
"49",1.6764052830686,1.74563867685323,1.73893388848259,1.71602255462421,1.80883020783659,1.84118807896209,1.78956298047805,1.7501196140063,1.685236608892,1.80610832746351,1.56738982539658,1.4713375421269,1.83572276030915,1.60009683617095,1.77401407212689,1.90876330898455,1.99121250903979,1.98382906543744,1.98180892552651,2.0725892704798,2.09953853631101,2.09133782187609,2.03872506099825,2.16731882797439,2.35476294338951,2.08534948705914,2.43394685400195,2.22303411757183,2.72269808028564,2.36117666714413
"50",1.84090007303568,1.76335098271142,1.76284162834767,1.7336308908384,1.85535128682536,1.84062926838872,1.8609799263183,1.8941100973905,1.8580550196038,1.72558934073668,1.50987617750529,1.18412982771684,1.52564399271543,1.6200422962832,1.70428300278831,2.08551857621377,2.01438700857315,2.02877417611142,1.99990680817639,2.13115107453634,2.10448842627162,2.21157902717309,2.25447417161791,2.15393037898048,2.15390089220993,2.20786682011493,1.94710157346026,2.22495057503787,2.35044911102086,2.63387485753232
"51",1.72467100469441,1.74192905384663,1.85584621652289,1.75569249686257,1.79329881197308,1.83069597105225,1.72780458276878,1.80159652934201,1.78114271020811,1.72265731492328,1.60349998538294,1.3882435741039,1.8522649844232,1.53104493840508,2.01098346631596,1.9652972946479,1.9783287749469,2.12000634442291,2.02496132235092,2.08298271958078,2.10753573403469,2.04998667105435,2.10405662945762,2.12219251888236,2.13675152426271,2.17078012574399,2.11857843541666,2.30338495893171,2.13190829701851,3.29005224111646
"52",1.7423242669869,1.71540816497736,1.79601480670635,1.82638176516595,1.79596708125754,1.68797834997563,1.83429676653296,1.78516786673269,1.71919067528257,1.81741900646953,1.85414938062801,1.29964885665915,1.81267691336664,1.74339495307579,1.33619144593151,1.97944367384142,1.96917651149842,2.05168114013336,2.09179690978512,2.06701630099156,1.98238166537315,2.11484385532206,2.12863121949279,2.06143385822269,2.30536304164158,2.55164763389003,1.96539780217331,2.64163878199814,2.44870912425682,2.24226992827782
"53",1.80133053321875,1.78963338704684,1.81188669803272,1.82006179405004,1.69725541284908,1.70144418406479,1.70215875793092,1.83703094396198,1.80843103802939,1.76214137090461,1.68794553913635,1.67148773306633,1.87043749403515,1.73258486882242,1.89426209331099,2.05015814645073,2.04614862653201,2.06041024352735,2.08133795900769,1.98632950834294,2.01004807830341,2.08023103516131,2.181365081181,2.21051653837245,2.25848114254623,2.22143619315159,2.38329193070909,2.49046743430807,2.36793032688068,2.99703870774896
"54",1.72465385422097,1.76642098663884,1.78762842842248,1.85669369752904,1.8527337015779,1.79472883285182,1.76784426914122,1.85185107138731,1.88167867386653,1.7717449116982,1.71678606157547,1.78520868284602,1.77443862899212,1.73008185502088,1.50863232772943,1.97105256049641,2.02354426575069,2.02561771549465,2.10745732394737,2.13422206585584,2.0572812603099,2.09201213478789,2.18279660782181,2.23274210619231,2.13882013546862,2.21369317078092,2.69864986869612,2.57580699355587,2.21495864480437,2.26960518277236
"55",1.75456894405964,1.74658602508744,1.78418031397389,1.70221821122295,1.7892124958361,1.76677290449538,1.84010628664958,1.61729637438613,1.83927380254748,1.71185835796576,1.85296484604013,1.73109637589528,1.7048457507354,1.31191488890299,1.64147484121787,1.99429160301877,1.99141035176834,2.03507932900632,1.96537797747733,2.05043345221759,2.05029419085789,2.17665050308704,1.97564460218626,2.28159920229016,2.15015198395876,2.31111343575255,2.15443251345599,2.08201709765752,2.24891484256284,2.09666901176524
"56",1.63106199407563,1.75513873174594,1.76335588190537,1.81958685164252,1.84734038965064,1.74394581539447,1.89455287437724,1.64882351400623,1.78076453491256,1.77338907233822,1.61035095849307,0.860072181251424,1.88138296151764,1.74449622911501,1.80452211893654,1.86483818174373,1.99615074997252,2.01596044897777,2.07441621186788,2.13181469575599,2.03384686454812,2.20133202762355,2.02693180386956,2.21391215903674,2.2167861082917,2.05863640957464,2.49116437104219,2.63717794330777,2.31122313584874,2.26477098998163
"57",1.76787251347363,1.73077601171109,1.76506324274243,1.7127736716569,1.79435265110127,1.70056676713235,1.73797226328064,1.77817446107895,1.83056632766945,1.84549323617385,1.48312209660363,1.64026107461255,1.73614760129681,1.62254369360507,1.41877345640249,2.0080698790172,1.96808329422601,2.01511492235289,1.98914184679316,2.06649636829178,1.99963691503716,2.08301402234592,2.14056954111657,2.12478811390348,2.42116289741094,1.95998205773202,2.1372122848661,2.17402290801862,2.45564303033974,2.14847937786769
"58",1.79757576783529,1.88239016570545,1.78990195916839,1.73649609708076,1.7825471229951,1.73875532574607,1.87397810501881,1.62668757052906,1.8060377237721,1.77291024409709,1.8907431628183,1.8163280991449,1.8806986371748,1.66573382970978,1.52250822222302,2.03895419096339,2.13165450830153,2.0386645958519,1.99279198484455,2.04188790978899,2.02219421709343,2.21073131678722,2.04530518924965,2.26797717851148,2.20758566175318,2.30196226137444,2.41247819388118,2.30540343101034,2.15777771287445,2.13602281019089
"59",1.76204150196413,1.69580738189321,1.80920889799466,1.78206830736646,1.7899795124202,1.86263608444866,1.8027096771025,1.94555517534812,1.72125006607563,1.73101037233029,1.47995470898101,1.72209019700078,1.80720093019202,1.84658876024917,1.45948174654867,1.99901316601783,1.95222900529802,2.07637628682165,2.04966216036777,2.05103534672871,2.15850942806992,2.1337052820027,2.38699403760455,2.1168526283671,2.26257804627042,2.02440785535614,2.13842277561087,2.28784174974965,2.81395620137515,2.20108804713453
"60",1.71453045270978,1.73028064210502,1.85981220825115,1.78088480775859,1.9001583498947,1.83372142558117,1.68979718666845,1.84698482553839,1.78243502119678,1.79628850579462,1.81701898873263,1.42650188255939,1.75863258737896,1.73897040192401,1.19948746653395,1.95121677043805,1.97837289210969,2.10797518417523,2.03803855582723,2.18556585126103,2.10362718559057,2.01616049741547,2.17196288140194,2.10234099301457,2.20298896147219,2.22040409609997,2.05756128172444,2.25564630640836,2.25128469309432,3.04931610041905
"61",1.87560478496268,1.79770784553819,1.82180834023546,1.69284205752453,1.83008499414917,1.71072847635468,1.76896898461761,1.65831111789696,1.70281248624412,1.7788175912735,1.56397309370788,1.7272408387702,1.74198290672404,1.61679198513546,1.73395191498558,2.12410073164471,2.03257576498527,2.06936943210328,1.95281910137135,2.092854681545,2.00691927946038,2.09061451131638,1.99585200694543,2.15097896894973,2.22092582970302,2.00396642379946,2.33131221902312,2.25829395138028,2.15625972614992,2.25295338152838
"62",1.80212226767457,1.76782477131144,1.73510655859572,1.82579106799982,1.80457385216259,1.80068398588789,1.71510208878599,1.75103177670852,1.91603091500043,1.68662045540987,1.77893691779942,1.8107918691043,1.60699954544018,1.58049095342554,1.75279843336605,2.0487277970528,2.02176635012483,1.98804519231361,2.07816623298071,2.07785221621383,2.0998436832627,2.01203089335307,2.05080613455003,2.29809409025445,2.04885061754665,2.16358952023704,2.17848709181789,2.18533386420069,3.0869667997009,2.3211785342728
"63",1.76936486472052,1.8172083889262,1.78246538671616,1.7331889964813,1.83155831557486,1.84372982031845,1.79418048228599,1.64908070517163,1.83335645243543,1.73539554823766,1.5285586791215,1.44419181372852,1.64788525881984,1.03206589687632,1.32646312844279,2.00760254509884,2.07267454631295,2.04828832664374,1.99895065507702,2.12113598113287,2.15042450991928,2.11093364558063,2.6280422554747,2.19037352216985,2.14897500135346,1.95611518454589,2.12356754567881,2.19890436227851,2.19591719064303,2.06390045494958
"64",1.76919903884857,1.74251036429721,1.76976853926032,1.69898114291284,1.78354655916444,1.72937011209374,1.86976676848205,1.7431042245442,1.93877376183006,1.74662873105702,1.74958636445604,1.76855836717475,1.50864492981486,1.4513349553013,1.88719621113932,2.01495222169119,1.98395411412553,2.01273594656854,1.9459135691382,2.04690206121731,2.04254447799524,2.18198177320764,2.04225066081452,2.31349864143893,2.07553332399402,2.12950235365367,2.1692901609428,3.26019536266779,2.15270098207099,2.29608113686076
"65",1.72652674486029,1.7886045153726,1.71994858903289,1.82559289329697,1.82163901926499,1.85867355155269,1.74719314907637,1.81441501034102,1.76779182621081,1.87377776377854,1.84966367034737,1.8839876943113,1.8086400142183,1.65342558737333,1.38088860399648,1.96932870254637,2.02924752760372,1.97298411321161,2.09108969655374,2.10497914468567,2.15036243760807,2.04217431350794,2.2394730882733,2.10660979424759,2.25712664305298,2.24546002229609,2.5543188349077,2.27958701382402,2.35132932568105,2.13330084999005
"66",1.75606646812213,1.80460822540841,1.82232479990232,1.79916059762236,1.79627947002101,1.89347926867523,1.86831876395001,1.68327786208557,1.79967624158116,1.75571892326741,1.84122167463125,1.6235219976042,1.69084987225725,1.64017478707814,1.85406685807694,1.9942327236233,2.05960446186637,2.06360864833181,2.06417384314339,2.04093373670796,2.20044588777274,2.21297966429642,2.0726938816268,2.15736420968681,2.16751262996642,2.23505954440787,2.22364305468574,2.19448963462571,1.9972785541828,2.45531997035096
"67",1.79190703488369,1.74947524695801,1.78929574356708,1.87327598208601,1.82831378347308,1.71847269222843,1.75475005350183,1.82611388575027,1.80523790872742,1.79097336609013,1.61734982037147,1.85586269021417,1.58976385950232,1.28307069718626,1.67118599280632,2.04521154360097,1.9828219404322,2.04257910582177,2.14387299515361,2.08110500223383,2.00953699483067,2.05195551532478,2.15686494670017,2.17862371997921,2.19732283123954,2.12789908127102,2.29392421672936,3.2133926557462,2.04528656956584,2.29789701595499
"68",1.64302848836608,1.87779492819191,1.77673650408717,1.85872409416196,1.81906839909818,1.7803658891902,1.92254376265034,1.83940052436685,1.68740914342193,1.97878700231458,1.6471091397,1.71300034212758,1.68342887641277,1.50414757474542,1.40613501676112,1.89069589015219,2.13498738104528,2.02449225475474,2.13755604630836,2.10180711014674,2.0603558514282,2.21517049862149,2.16883595699271,2.1148028358606,2.38803523650673,2.34800807932354,2.07878131174419,2.06824203674461,2.18262587267848,2.29801172122873
"69",1.76955038881991,1.73216278181807,1.76734851067454,1.77353658362328,1.81816236495878,1.70609429811257,1.87809071628829,1.55324509161523,1.64731417135705,1.73412009305107,1.75550705676825,1.73808222627577,1.81442769345882,1.31552102603596,1.91014174355923,2.00468308271518,1.97188293795604,2.00647827158008,2.05114880167957,2.1182904917575,2.00386345606826,2.24413169529893,2.16591762479078,2.01824246492498,2.18857600872708,2.25300937154955,2.28899265911795,2.32703139428381,2.24481404077541,2.47851814730184
"70",1.69032782110762,1.79449232557669,1.75291322909843,1.78919984940616,1.75250252993106,1.87719719696215,1.8463376505535,1.76622759496779,1.73774330703754,1.6463507506211,1.78343184538493,1.47968656073157,1.53564231891573,1.77865378932241,1.60544664670525,1.92815053729486,2.0326517635089,1.98853046746349,2.04921546873175,2.01754950332465,2.16439575386934,2.14257546616316,2.15965521380606,2.05517974255885,2.07300838966381,2.2124955198673,1.938564574133,2.41915158550882,2.76783514684187,2.17364565650718
"71",1.65451924703055,1.84248535380977,1.75551647496653,1.83705168252147,1.916804780902,1.80084751144645,1.78303559478568,1.79380376745374,1.76479678388108,1.74925483936407,1.70443865563716,1.63522063463168,1.42998455174221,1.80798451922887,1.67315928148679,1.89099235430403,2.07987645650895,2.01018863653648,2.11073005068908,2.19700689466545,2.080209572835,2.0963416102386,2.09998173974656,2.14123298700492,2.18293301008554,2.21602304097045,2.25397422951377,2.07404583090422,2.2896951130629,2.41115730096034
"72",1.7743848969318,1.76637613507324,1.75214054524723,1.66820943236146,1.836594138494,1.75639404975242,1.76987390331278,1.86293094838258,1.75153409380618,1.49653293940282,1.78661024975754,1.39203230457775,1.86264959651004,1.63012719578298,1.45009697794876,2.01370079953056,2.01927771192111,2.0085057641653,1.93044237546453,2.13392258826093,2.03474549760302,2.09671623461755,2.16802140662346,2.12224200578515,1.9727270195347,2.35978730216758,1.97438677692355,2.79059248738253,2.10449438305249,2.20948502649563
"73",1.79205944114529,1.83857458012828,1.75522881484659,1.73438320815134,1.77119775469929,1.87013725194148,1.77062462320443,1.88507391559784,1.64457608901042,1.7109146831114,1.77684337127937,0.541672293849385,1.55853986014141,1.29384246401977,1.27315917155576,2.02796002609075,2.0852838639,2.00291090598468,1.99561415179609,2.09356137215535,2.1790573963835,2.10157662145768,2.30646874640614,2.09419077543701,2.21483854276696,2.34198993775036,2.39499631593392,2.03269580944249,2.33764776999539,2.30667215934606
"74",1.7069165551468,1.77068565977103,1.79143650768007,1.76901337146061,1.83972999726998,1.83337352052484,1.77229330463646,1.60285603593274,1.76723072214289,1.60888081891307,1.52170081056076,1.62397227941208,1.68752829779248,1.68864401346466,1.73223901344242,1.94633241596852,2.01728986767744,2.03556714278024,2.01898833553997,2.10349630933145,2.10930585492224,2.06204712995823,1.91685595774456,2.22068639414048,2.0939041420574,2.15803985940583,2.32445333187589,2.2407722343244,2.39858206808418,2.54393223353474
"75",1.81894449997331,1.70345050749728,1.75541995184323,1.73255797086698,1.84230125129071,1.86160731048019,1.80277001892974,1.7108776870104,1.76252203841264,1.86251759925443,1.73247471605911,1.89495039962576,1.6618767529891,1.83780342038862,1.34009674973499,2.05827904054019,1.94322749837253,2.00675839194273,2.00779288842924,2.11443172394539,2.13844441147759,2.11973167004014,2.04384468258317,2.12109472711594,2.34419927661145,2.16795982207816,2.57376731074076,2.27759687699052,3.44812111927643,2.68694391537832
"76",1.72368732872907,1.71040318835849,1.84534701853823,1.8353790466691,1.80481974607212,1.71169246245747,1.73485247452168,1.77083124653817,1.78693317894678,1.65030811636588,1.51581500609821,1.64178641194324,1.83684354624399,1.37962316945253,1.86341834238606,1.98314266153492,1.96202894002647,2.07857441973749,2.09166252862314,2.08207001593949,2.02951716704959,2.04372751209334,2.07882610281218,2.15860340618216,2.00798871750063,2.17073627238595,2.76756514515543,2.61701177497315,2.26330493718084,2.4514870148417
"77",1.76532316662939,1.86876750778899,1.75446783466689,1.70434429858184,1.84448412876149,1.65217159445108,1.89137912654122,1.81639283758155,1.83433339123815,1.64780705331665,1.62178937527148,1.31781705516926,1.73280257814041,1.72779151026784,1.77102053959744,2.01742769253959,2.11063782030816,1.99743212162625,1.94813792958794,2.12459525883369,1.93654611574389,2.23000550830132,2.14343396487729,2.15297265700965,2.20170418298067,2.12298454815064,2.13954743254472,2.32865072832634,2.32966277055454,2.21688698654477
"78",1.79972907521911,1.74339078497043,1.64347900855602,1.78206093261071,1.82430020997331,1.73440554576762,1.66265044973486,1.73879196855997,1.77011700617742,1.59785102809756,1.94223890941161,1.53522797921511,1.90045707265149,1.65638833049623,1.70278006349558,2.04702417586803,1.99003943212781,1.89461345535354,2.03309898184216,2.10520945300706,2.03242665309971,2.17617283879634,2.09809401502456,2.2346136949941,2.06948232920955,2.43392413244727,2.15357094914991,2.4308091795851,2.35868387958297,2.22507479977889
"79",1.74988532380737,1.80394304956451,1.7995163742369,1.72961208339908,1.73994239079525,1.62938994361532,1.80636786641267,1.86762799109046,1.65822744142552,1.85302381478416,1.6765039067415,1.67960074096509,1.24581533745642,1.45456578063153,1.56059163472398,1.98980708880889,2.04566731080953,2.05668988132263,1.97490291232331,2.01889351887687,1.89744695147767,2.08785250922485,2.13867288309846,2.14873460787165,2.23023152987081,2.13965893095605,2.09845950052496,2.06739005416303,2.44793624697813,2.10688809988649
"80",1.7259321385669,1.73559796577505,1.86130437711371,1.78140333103466,1.74299975391654,1.75262786126066,1.84508988513684,1.78866443802496,1.62229962236391,1.68335884013007,1.67555535032073,1.33318410425429,1.66295668529738,1.87863271136349,1.79683333195969,1.96864155953226,1.97526003882679,2.1174053808303,2.04015459488949,2.03789159017834,2.03005063229753,2.16588871666934,2.11771014318764,2.06403368347335,2.0878152923065,2.23702924117417,2.08572680925958,2.27894487302402,2.43583963046668,2.21914259775477
"81",1.75553374152781,1.843083158445,1.83655682233649,1.73769672911591,1.86089240012303,1.78895286962573,1.96089279846094,1.79912660860675,1.75906054922332,1.53152184249788,1.69153084890925,1.42855677416512,1.73344311281957,1.66729226097142,1.08218430945224,1.98750916211404,2.08685140236323,2.09497450531753,1.98526248493495,2.13059755686591,2.09714555759499,2.26779187213593,2.28185868012995,2.09922500047005,2.09989251625331,2.30695436975157,1.94216852010263,2.29209540597674,2.05715970124055,2.43367451073421
"82",1.84539575269798,1.7448438723455,1.7741289319164,1.81766781690622,1.72610357441002,1.78443047933594,1.8765732167218,1.73701737353547,1.72554589346665,1.778986611607,1.24175729999763,1.74241846362298,1.82896352097981,1.20049481047073,1.57485473765076,2.0875879642883,1.98947762672342,2.02861029382055,2.08575500291192,2.01054520673487,2.06183829092494,2.19629266376422,2.06678128509619,2.03310710229545,2.28426816738311,2.10407913623918,2.23731722614816,2.28443238853857,2.1501101575289,2.38764902485481
"83",1.83054301205146,1.79544802430839,1.79137891276119,1.76927928092965,1.75692549507609,1.78575572096145,1.72815352064818,1.82098057797959,1.80017305627128,1.71911372749213,1.68574411760686,1.29128857765374,1.51515524613525,1.50388130393994,1.82671238533131,2.08273051092756,2.04325079959441,2.04107991410893,2.05036495859464,2.02149566080011,2.05182124163268,2.05423581070465,2.15883329065562,2.46456406990253,2.08571663784516,2.07793501170942,2.25974309447887,2.85848491557002,2.1519430127144,2.48378487456591
"84",1.77773843189598,1.78969790216394,1.78140374059941,1.80007426890868,1.84202237779713,1.78251816219141,1.80589295185626,1.82278963157448,1.71443047358727,1.73082778626364,1.85981369243745,1.41197014978341,1.90363484142716,1.78031601710862,1.56077439352043,2.0235536137317,2.03554136286108,2.04135621080445,2.05390655179579,2.12193907953235,2.07076606556864,2.1153372672639,2.15957761978842,2.08420165076164,2.35266884378184,2.35122553175118,2.16150031665233,2.27818067788197,2.95934141712755,2.45257939432473
"85",1.82220929545624,1.7146131841139,1.81827675608279,1.76585471525836,1.64081983382866,1.78103001124584,1.79980749499374,1.74995606464894,1.86420608537948,1.82814265120704,1.49200769655494,1.86087734181748,1.66927646813956,1.74479313180967,1.56546384516005,2.07097811113461,1.94807093134342,2.05939663193716,2.02220452875678,1.91787901184589,2.08683888091448,2.10896332137166,2.05400328403372,2.56186787099419,2.22541542330864,2.09191647827467,2.32527996212363,2.31044017742097,2.1413104606909,2.08155725224888
"86",1.77793978830241,1.76645304403141,1.78979719885393,1.71294507872416,1.83960991806858,1.7863331723611,1.88930707497665,1.74716196439652,1.65452422802454,1.79738253821894,1.59148562153876,1.57252165101925,1.86951847458919,1.4860742874016,1.87277788920912,2.01574721687356,2.00583690595068,2.04812376241947,1.98108987994068,2.12834442845038,2.094833764636,2.19352098669655,2.16433450715448,2.01392823822178,2.32566693898112,1.9641976897925,2.03710383103628,2.47157970313364,2.15949080320673,2.79181263519609
"87",1.75733016753905,1.82186102431625,1.85247941015558,1.73643188398819,1.76380342663203,1.87436023993041,1.80832081951059,1.68042862781161,1.88467847296931,1.7352273056011,1.65148282618819,1.58749667331381,1.74709809300988,1.75307542136353,1.73820667213546,2.00036474934533,2.06527170792837,2.10111506533446,1.98360723286934,2.07888393012643,2.16795863619468,2.09965072913244,2.16485548949298,2.23803204342548,2.10704381319543,2.02865272520961,2.09476005824844,2.07092526557295,2.18572358738253,2.26040588004171
"88",1.64459902407633,1.71810514972181,1.79075714754261,1.83552018136161,1.79442142681109,1.79105840656313,1.80646716013501,1.71160065404253,1.63215680515175,1.92998829883562,1.57197794349262,1.35070989680895,1.68096753212298,1.55557151523446,1.60159669296773,1.883831340843,1.97090321932191,2.02827093451306,2.09089393148277,2.06711963508221,2.06194765608771,2.11722120371494,2.05798256227934,1.9807582024682,2.35465374627645,2.11162033572162,2.51687527787498,2.61704298088723,1.99096335110439,2.25417651920377
"89",1.70007143277054,1.78375151655136,1.7773031770454,1.82835952375573,1.82714068766913,1.7905148039061,1.7166866860318,1.76719236361152,1.79458652365363,1.84978830309495,1.59590572458368,1.52600989286717,1.83756905866309,1.43011407715782,1.6479880544752,1.94693480519694,2.03455388945265,2.01774290615437,2.09505484992236,2.11829227514891,2.07036536313138,2.00117081814801,2.1041807474631,2.17377619003627,2.29705892860357,2.25973554694695,2.17949476737783,2.1665168636352,2.20231047351179,2.59215636865836
"90",1.83923037329908,1.76221116544123,1.80696332200216,1.93295596096843,1.8197155598788,1.70826412658313,1.74266687831164,1.89670162255556,1.63799716192553,1.79019921045278,1.5265446148342,1.33041691634755,1.46756211807323,1.76327889182692,1.60147060117541,2.09011080607975,2.02373994196919,2.06030278036728,2.20439875352809,2.10707701178374,2.01245065345526,2.08689110947883,2.21968190077981,2.02129121162238,2.30161113059824,2.12749618615873,1.96538924208131,2.63369307955123,2.2723286191288,2.27824243333881
"91",1.70915297338189,1.77385250384194,1.79932220766306,1.78789003500295,1.79943594352919,1.71303751717338,1.73135983312402,1.46246079758216,1.66269996300852,1.91823252742808,1.92418114193135,1.73033374323855,1.5180091542101,1.71286149431342,1.35972906948948,1.94743953270283,2.01585314540358,2.05167089637447,2.03063563320298,2.08804666056297,2.01811528782474,2.02079629811162,2.15316088634594,2.11656560352063,2.25356793614919,2.3296400654744,2.10235667236447,2.24132062998871,2.43210294789591,2.36883325593745
"92",1.75205197616249,1.72873424688204,1.75444665538065,1.71554251899788,1.83457661395453,1.95550398245276,1.73972136785976,1.79946862890915,1.86198240491247,1.45950224977589,1.61941991732977,1.794431353188,0.89267848288314,1.72584635938783,1.26415939787837,1.99858675638503,1.99218793881007,2.00898013017143,2.0051549795987,2.1082794047225,2.25472523988682,2.02243617384209,2.10003299692091,2.18840062911244,1.9208414027374,2.2576251709774,2.20511295343072,2.54131829099435,2.2829526867559,2.34678184345359
"93",1.87088678379119,1.82344429411787,1.77940216661244,1.75557035515052,1.79375936419496,1.70501098908994,1.69643123936483,1.76248251338327,1.75807811018654,1.79984523747086,1.77618978386686,1.88249938441853,1.75576942287489,1.62565091114984,1.5375462525449,2.11877482105882,2.06489479181915,2.02843773100271,2.01658874542215,2.06216337098563,2.00787566647555,2.03011372542517,2.10721177719744,2.09717449803806,2.16950366767808,2.2795188458356,2.38598561471276,2.3910174973636,2.28563364480934,2.92362932547135
"94",1.76359150551239,1.75851325789056,1.76717401763534,1.75625510931295,1.76584306617024,1.85804723189006,1.66231975696656,1.4944264073454,1.65483641668206,1.6597919706453,1.52434802375139,1.23749599957247,1.57869024668313,1.70183697554706,1.5491194360932,2.00807423572089,2.01499106479388,2.01028113992743,2.01617640527089,2.02431079382688,2.17531965655759,1.93040462297266,1.85325720590633,2.02394648748325,2.04840419722725,2.40160643870586,3.0825946753293,2.23168293512572,2.30621947646836,2.32879672525175
"95",1.77946030349064,1.68992913069035,1.70691063370918,1.76562242916465,1.82257844088292,1.78437774195739,1.92189484356373,1.8186885474873,1.74984960321234,1.72351983450216,1.7221896182972,1.8160279962761,1.66279720397639,1.92594859860445,1.56720220273097,2.01531284478532,1.94297014018441,1.95187655899916,2.01947288912586,2.11796785775549,2.11686660731857,2.25070387706757,2.15076147646662,2.15118016443969,2.11896444166284,2.1060535407518,2.41944325015826,2.39625130670712,2.60287580400894,2.37993965990692
"96",1.80189831131681,1.72774431989179,1.78971973338707,1.86743056683501,1.74995145693967,1.74938420279411,1.77243930488164,1.63364184712501,1.65555540255228,1.82953651954148,1.75399612745201,1.5631980240413,1.67124127002311,1.68939700796208,-2.75798346858532,2.05662872963612,1.9631303428105,2.03533214901824,2.14097591102683,2.00637754562808,2.10973706336929,2.13360325741237,2.01429250013424,2.01095848136262,2.24304179416769,2.39949563149028,2.10760843193843,2.13451895714374,2.14236434287473,2.59134824247727
"97",1.74107144381399,1.77392503295698,1.88511090825502,1.82372975907296,1.92926599306488,1.81450606147215,1.79525721360155,1.63845997184911,1.79778652943602,1.83309391831987,1.75151176163627,1.13149805966317,1.60456767705304,1.5788249775145,1.21951299237276,1.97255124273103,2.02036090953157,2.13630203345836,2.07019260254812,2.21937788245111,2.08603092755141,2.10295764891725,2.08144315086693,2.13103281814011,2.36838935939798,2.17235936750849,2.38882364816486,2.23961796098579,2.06418450518683,2.3272911229598
"98",1.80205880601519,1.69023166348077,1.78646939885172,1.85475774743071,1.75008051768984,1.76325701545166,1.85570474510846,1.730466639991,1.7078871103738,1.77949777301839,1.77866984933658,1.54624186185813,1.77515649808742,1.51322214027831,1.68896533893422,2.04786527871773,1.93039160906857,2.03599967891765,2.11571169978174,1.99890842756014,2.05710978609298,2.13935311038069,2.15412806788564,2.18326224113766,2.78612702800212,2.15395459113853,1.99498095446649,2.28797910771091,2.14445763525353,2.2418997973373
"99",1.72425360069273,1.86411615481638,1.77884770664893,1.82176972395625,1.81939796056696,1.87155615798205,1.81051365828406,1.69013830757402,1.77036770733653,1.73923195084439,1.91854712627181,1.87057398729799,1.63591674609838,1.35648536999877,1.15793919108155,1.9644055470865,2.10599391309239,2.03745879267911,2.09317969876043,2.09602155705781,2.1504849331892,2.12625771223465,2.13772959954929,2.08092743683765,2.08489952144341,2.38749115682234,2.62207991784972,2.29788714379041,2.17581389771967,2.00296896583589
"100",1.71262609377575,1.75943602748577,1.80108906440234,1.78186745732877,1.76157070907857,1.78198468152702,1.813078509573,1.87067085447951,1.83600679057255,1.73110138882016,1.82530177574112,1.48290607012995,0.856560110497024,1.59197306025207,1.71161676847367,1.94104512242371,2.00180240019892,2.06085269787234,2.05056309640961,2.00732378655959,2.05571593543509,2.17170375436543,2.22749202655587,2.16457518855565,2.0879660509478,2.16516723636314,2.23315793896451,2.10197293498213,2.08285043927448,2.2447694694213
