"","V1","V2","V3","V4","V5","V6","V7","V8","V9","V10","V11","V12","V13","V14","V15","V16","V17","V18","V19","V20","V21","V22","V23","V24","V25","V26","V27","V28","V29","V30"
"1",1.73887962373448,1.77393702775978,1.78335003705707,1.79587147117742,1.78311670080972,1.79856742514205,1.73913237216264,1.67287320073126,1.79877217056167,1.73183211110056,1.74643502554144,1.54185639159661,1.50939464907439,1.4795819649615,1.56323548943426,1.97774184432974,2.00771145006968,2.02600641033417,2.03856400206529,2.0686300495325,2.06803017580983,2.1363922850712,2.21039418736648,2.09393647807606,2.16628086601966,2.15342037824084,2.36619834932136,2.39802212654356,2.43178450557853,2.34806887343615
"2",1.74593986568335,1.76884610562761,1.77139388851152,1.79259234936403,1.75710880916706,1.79599597447549,1.80861874414237,1.78438304426352,1.69374324906591,1.65197545910557,1.67709871490763,1.69112693687273,1.72119039884019,1.63875065795647,0.00109745599628841,1.97777222556491,2.01127462068963,2.04047292643582,2.04006012872225,2.09521286559356,2.07413155436395,2.06840004888782,2.09905277092943,2.19814431155367,2.24505909961048,2.22539428635757,2.21388008475948,2.1873841791498,2.27069987857648,3.9100480907367
"3",1.7397948843326,1.76631345649037,1.77389721887739,1.78559079875717,1.788876178611,1.7908025876695,1.75577852285987,1.76048467513463,1.75843657941859,1.69504767497105,1.74061819160691,1.70969329251003,1.53102949252992,1.40981613086845,1.6443419401459,1.98468351052681,2.00995989051118,2.02734141513963,2.04854591302554,2.06297451560826,2.07724697960613,2.12275676066245,2.1247030124141,2.13153264408665,2.20636200002395,2.16238738177323,2.19314632194727,2.37748169942805,2.49961798560668,2.26880330488397
"4",1.74200993692451,1.76964666519455,1.7855465228328,1.79627197302778,1.79182305272458,1.78406774484673,1.77592006087424,1.7872892136487,1.78913600491921,1.66418178262926,1.67070939410362,1.7780271469456,1.41304546595878,0.745167827444625,1.78270970180157,1.98410483780185,2.00836332984875,2.02593130066211,2.04324721135472,2.06248634964664,2.0825159244316,2.09897232013558,2.09632757278939,2.10126758206839,2.23131952993717,2.23011688722281,2.12558651732079,2.49344623724149,3.16440787824896,2.13031222361152
"5",1.74480650386078,1.76788835603044,1.77856476620937,1.78693603031369,1.79228595234532,1.80239802573795,1.80617103986127,1.79186651556155,1.72292133864528,1.78335498091214,1.77364491171595,1.73187725448325,1.7232054603084,1.6691169501372,1.48822472374996,1.98079700684888,2.01203619755913,2.02831216414857,2.04997920482686,2.05781138832127,2.06501737202378,2.07114480690236,2.0942082246903,2.16993014833723,2.11332384893964,2.12832980408307,2.17126261371038,2.184502480224,2.24092082525069,2.42489547408838
"6",1.74860799949526,1.76269550922257,1.77342220855431,1.78592476490681,1.79205487959568,1.7991575527196,1.7665894058924,1.78048984839951,1.69580042098868,1.71295994053021,1.77275535282365,1.74380990318724,1.48085919319258,1.64527556009696,1.7179097398529,1.98018389801138,2.00789053629245,2.03516348807134,2.05448115753545,2.05948457328852,2.06848336355155,2.10980249808957,2.10313956795274,2.19444351172058,2.18585342803895,2.13049142100359,2.16195906830865,2.42878694868137,2.26478661796254,2.19705777790743
"7",1.74348955208543,1.76645955000219,1.77826971297521,1.78893695445614,1.79988602329862,1.78677215133904,1.79461818040514,1.74844905809037,1.78323670460241,1.69646943417392,1.68897002865024,1.46186270213268,1.62915656379781,1.46332579805281,1.31112920045761,1.98293127855789,2.01295644653245,2.0312089136929,2.05425176030835,2.05322129671842,2.08188568560179,2.08165630608018,2.13946221831863,2.1060607581767,2.20192387743688,2.21046977823056,2.442498392319,2.27514059072943,2.44690178457955,2.60411159498207
"8",1.7386416823718,1.77107813190462,1.78101364748873,1.78922959239344,1.77218968858682,1.7716069090129,1.74944979095661,1.73701700727567,1.71462355506663,1.78395028231094,1.75601158633724,1.69337849337512,1.75557312137102,1.54314478252725,1.36395070075322,1.98417436531572,2.0070379958088,2.03037039795079,2.04359516213761,2.07645752392354,2.09223386638004,2.127445607531,2.1465987096085,2.17749595935431,2.11110486910237,2.14502616344953,2.21564231175221,2.15084292778311,2.36823061781441,2.54898334233271
"9",1.73737073810199,1.76511658907341,1.78360024889055,1.7840586239531,1.79543064509274,1.78167363611879,1.7886842254332,1.80563665970491,1.75599620425556,1.7865812546313,1.7660487325803,1.67507127854559,1.39054861493166,1.50298619120793,1.76728297214711,1.98015976914563,2.00888288848912,2.02573254344998,2.05108616912443,2.05865498791533,2.08395317001648,2.08932237285216,2.08212675828468,2.1364733280169,2.11215524192438,2.13646972797546,2.22836795490029,2.5166190575779,2.40562031575071,2.1452373587719
"10",1.74670330685106,1.76258760210994,1.78355718865219,1.79018458165689,1.80280911477342,1.78632358822386,1.79183026186846,1.78484283503389,1.75439883591681,1.74132177898013,1.77925659718744,1.68652304163438,1.59176753108368,1.69959181289576,1.70461314740029,1.97749456072001,2.01207741783715,2.02907594052993,2.04447571899692,2.05196770909378,2.07780127897224,2.0858587680296,2.09705794495856,2.1336840448349,2.1538006803025,2.12177040042945,2.2162644488141,2.31793434879888,2.2077524428799,2.20444423197141
"11",1.73934621737382,1.76756583364841,1.78179753561003,1.7902672881884,1.78559983155855,1.80238220381601,1.79681931659049,1.79640603219329,1.7934903043029,1.66029569550049,1.67217424864708,1.75522028152033,1.72980213709231,1.60269907509527,-0.554276144146429,1.9807582524122,2.00818273932275,2.02905259711025,2.04318001962936,2.0701490831282,2.06576071846326,2.07950916954715,2.0898511046593,2.10204929070053,2.23745212379122,2.22935442653444,2.14960050968201,2.17746318395188,2.30614428412014,4.46504973395152
"12",1.73802294445277,1.76569193696149,1.78423419076924,1.79424048174005,1.79081022643236,1.77507179153205,1.77223371208815,1.77289235010409,1.71449994957412,1.65865056992093,1.69975105682589,1.70523839228829,0.736888695462712,1.73911337691909,1.74495391645379,1.97973293450441,2.01697872021645,2.0290203179065,2.0416220214273,2.06322718048418,2.08835095475105,2.10458896187512,2.11285516360412,2.18085033886064,2.23758156917483,2.20170295182198,2.19875746465709,3.16923201706799,2.17214909603619,2.16769969811157
"13",1.74687071410026,1.77377486248957,1.77938000437812,1.78380531862622,1.78356847489646,1.78923973709811,1.79082413936523,1.79822040349724,1.63919337188566,1.71639041202369,1.73378891025841,1.6378052606886,1.36439151582219,1.61929251812862,1.61713976130671,1.97534172000812,2.00792598156708,2.0324663185204,2.04714667613414,2.0673216754443,2.07607969257257,2.08589138953004,2.08857321069101,2.25421727177225,2.18264510269602,2.16732240121706,2.26677533659697,2.54141210387522,2.28881896672512,2.29516159107861
"14",1.743848574638,1.77493929158339,1.7811053879412,1.79850578813357,1.79073266835871,1.77660432343841,1.78426391636016,1.76517113813783,1.71429845935898,1.71825280548499,1.72267520304712,1.75546492284327,1.68707774128547,1.67323565139427,1.13452353115745,1.9892420712009,2.00490755705616,2.03425031795025,2.04102437827865,2.05927353348042,2.08986893959687,2.09209833747545,2.11678106757216,2.17885352727363,2.17962443416026,2.17818689705416,2.1491662107174,2.22041657716553,2.2369479880143,2.77642440529413
"15",1.74547000418521,1.76645973214195,1.76980873728207,1.78911767327095,1.80396264642318,1.78535367650913,1.78155845638295,1.76733356945545,1.78070113044266,1.70772538020693,1.69988490342046,1.11833975218731,1.66627907239925,1.55729056157848,1.64589044414991,1.98390552171226,2.00693796716365,2.03707498218078,2.04204863059279,2.04960687075397,2.08264205534336,2.09583558915186,2.11616197336134,2.11158162371927,2.1889215976435,2.19945698852434,2.78631374892818,2.24075947462722,2.35429710495465,2.26664026942128
"16",1.73741596493526,1.77220507654565,1.77547955866431,1.7851063324519,1.78960957335051,1.77682305205181,1.7922507531013,1.7615336402087,1.76592048203438,1.72787621569128,1.69857128643939,1.72136649528862,1.64030329041373,1.55589103342454,1.71767517791462,1.99040696252662,2.00867500919223,2.03051489683658,2.04605164202902,2.06437111694678,2.090981289771,2.08215998862928,2.11886887347181,2.12549635728824,2.1699038340152,2.20320980124351,2.18481182925873,2.26726492013227,2.3535017415532,2.19408460302211
"17",1.74660939759056,1.7691773954641,1.78303462354306,1.77990486558236,1.79360780479298,1.79714629417217,1.79968677731954,1.79073668519447,1.75279990813821,1.74958765488744,1.65121320980577,1.70635124546363,1.57622112741196,1.67524007829605,1.61449038669033,1.98236144760091,2.01314825831278,2.0281107971825,2.05492241441189,2.05918580647515,2.07142286698034,2.07608796494363,2.09427860357556,2.1392546268897,2.14717306770277,2.25117162607718,2.1990313055276,2.32907245305231,2.23585197001819,2.29719711032898
"18",1.7387067497904,1.76802041716614,1.78469510140766,1.79320262893237,1.79560575168053,1.78697174114084,1.77501625075176,1.75517525034446,1.76949618795128,1.80040414978995,1.22273161151446,1.67526982157964,1.74352204556072,1.60893200384174,1.753930059244,1.98524614984871,2.01156572842584,2.03101614755263,2.04361562272791,2.05767311527539,2.07571613433682,2.10249476841328,2.12515674846354,2.12172340219357,2.09841890773588,2.67697304084139,2.23195914920486,2.16654267135246,2.30169173308559,2.15953756733041
"19",1.74097651200797,1.76471370285952,1.76737971332504,1.79347513220732,1.78817004170495,1.78447813549978,1.77957372654037,1.7750150733179,1.76726080986757,1.7714426041493,1.7694065748775,1.61479112074975,1.7633443205588,1.66539209674324,1.24581800369204,1.98793057753341,2.01019822324151,2.03677098885886,2.0382746897565,2.06063426217995,2.08457271215666,2.09880655048671,2.11118073164392,2.12122692868459,2.12527359835713,2.13388442080137,2.29174427511851,2.1426654072645,2.24738335533998,2.66493635780477
"20",1.74892505752051,1.76519927199935,1.78366194973605,1.79181529225978,1.78364963932624,1.77434568998425,1.79111972302522,1.78488846492168,1.76528561370172,1.77076007685427,1.67918494788814,1.71795074846326,1.72131688930826,1.53164119599351,1.26002481929669,1.97713041972961,2.01195403032838,2.02757934535646,2.04598342569146,2.06723949766045,2.09034107905453,2.0882753918527,2.10146232077984,2.12498648606702,2.12637774615318,2.22306660179463,2.18555485113913,2.18480120589624,2.37945073245452,2.65134039917135
"21",1.75007276084656,1.7684219183667,1.78301084841388,1.78318138416471,1.79419855177015,1.80027269704389,1.79088626230992,1.78452628163219,1.78427389721767,1.78532859439048,1.70868321880622,1.5947391548613,1.70877188754954,1.59119734779644,1.70150822057947,1.98401352840993,2.00886105446864,2.02853364461641,2.05373659037985,2.05939052385264,2.06847566820207,2.08381336120157,2.09569618616347,2.10858205834294,2.11150283562626,2.19456441955866,2.31189720389923,2.19652836822399,2.3189694753768,2.21082736796698
"22",1.73845871226114,1.76658921804657,1.78358464621175,1.78320460067473,1.78075924078247,1.78975439101896,1.78602306829893,1.77977992196879,1.78988713268922,1.76951194406452,1.75603714147517,1.71762089796915,1.69700717230146,1.6415525110738,0.939207563082658,1.98215393281356,2.01062106962729,2.02882162624593,2.04747054482218,2.06539319626716,2.07737358101809,2.09024294247454,2.10524730387524,2.10561455217217,2.12520635308118,2.14592175342397,2.18696968180467,2.20895055264339,2.2675108574147,2.97277155409282
"23",1.74116543352496,1.76417535363207,1.78164381526052,1.78811455563541,1.78136629686193,1.78493638948928,1.7781918981018,1.77302211963141,1.73185329397024,1.76229801362175,1.67972239109609,1.53038763959957,0.388406368311303,1.73538916636989,1.67694840798392,1.98489194029171,2.01156729609769,2.03385887707304,2.04460758636144,2.07144210075398,2.07823894766022,2.09893238107905,2.1108518603114,2.1612553851451,2.13498924538043,2.22036528532903,2.3740890725679,3.5221525266378,2.17343893030455,2.23687413420836
"24",1.74093335067095,1.75929379735098,1.78260312846662,1.79212264507368,1.78112741657025,1.79362991271694,1.7776046504334,1.74476063871824,1.79909300384442,1.67593382269592,1.69824565560616,1.76997041080009,1.6553441513198,1.71808331389955,1.75046107934794,1.97774736383885,2.0135162360918,2.03248153929254,2.04401943703429,2.06902755391968,2.0704649601454,2.09532215345978,2.14044491189394,2.09146019306192,2.22221478608163,2.20342735755846,2.13353757263696,2.25001511539786,2.19076527818966,2.16166249402809
"25",1.74428894781822,1.76812204809033,1.78258214622688,1.77535007218185,1.79145590684574,1.79654853451335,1.75732179490549,1.77374912198308,1.78735122865391,1.71190927315374,1.66904745656504,1.71808104574381,1.52280816108513,1.49880205279325,1.70685538036354,1.9831858179708,2.01259196252575,2.02961618458193,2.0560892476243,2.06169015210526,2.0748531288268,2.12215629059459,2.11199622167751,2.10414757010031,2.18534610156649,2.2355135791805,2.18483416417221,2.38946615237336,2.40998251753519,2.20716519540047
"26",1.74260226143656,1.7703174458959,1.77637325808567,1.78115779998006,1.78585065414681,1.79799778772998,1.77257592985975,1.78814976169442,1.76936418942773,1.76376239146443,1.73963740428052,1.67896096061813,1.63156765704137,1.52939080921607,1.42154796431066,1.98134276515709,2.00490327371975,2.03368952847151,2.04709538271857,2.06326641654902,2.07107843897586,2.10043355334174,2.09715814347906,2.1216743520955,2.13342352022476,2.16054497485399,2.22434158274882,2.27592694013098,2.37925958558942,2.49229531395714
"27",1.73519724304211,1.76669522174704,1.78322930982271,1.78292296253926,1.79613289964099,1.77971772485649,1.78017409867222,1.78598770162135,1.78390590709859,1.75891384514631,1.74481884199628,1.48138176151655,1.64725893982876,1.54592145879709,1.33558829199199,1.98180957394483,2.01333380752976,2.0279916739809,2.05135008324919,2.0592253863759,2.08582501667924,2.09568149035244,2.09885038983371,2.10615876535787,2.13946335555482,2.15746208741442,2.42206991562385,2.25843196205764,2.36425301538721,2.5785089291839
"28",1.74290011327789,1.76893956727716,1.78438528436601,1.78530410402747,1.79181402199784,1.76944670304278,1.7776369333141,1.76329955228055,1.78313798243956,1.7147484308699,1.68054069915602,1.59688838199262,1.64152002333739,1.75907317092215,1.6884737592767,1.98341454851103,2.01325885346552,2.02900863017016,2.05444586109708,2.06439119548901,2.09464889375503,2.10141817773632,2.12470627966721,2.10837740631197,2.18497399373022,2.22046098301132,2.30876656809171,2.26380680469885,2.14869705881761,2.22468378812274
"29",1.74771781341511,1.7614832453939,1.78595898314146,1.77941409545292,1.78732063851808,1.76225191354213,1.78682730119582,1.76892445663619,1.70629660724084,1.72466024648299,1.76460918291344,1.72564923205294,1.69593383005683,1.6217193622889,1.64359309832025,1.9800220569827,2.01347274305374,2.02804021460856,2.05232777696908,2.06705718900233,2.10558884848722,2.08880047442427,2.11681641652704,2.18440190177052,2.17206692678744,2.13674925502924,2.17974757784065,2.21369179622577,2.28901328006011,2.26974101153927
"30",1.74382424278188,1.76773528675173,1.78646616733998,1.78562406142803,1.78915496099376,1.80327100414494,1.73451370363121,1.73782681206724,1.73523162689446,1.7706168810473,1.74779754998344,1.62356134684242,1.76613297474668,1.65718439778329,1.59385117318591,1.98324147357119,2.00998690122178,2.02904394425034,2.04584514576969,2.06669707066649,2.06698431761634,2.14339190699081,2.14749991396788,2.1558686887345,2.12559941952396,2.15354735529788,2.28015157478462,2.1423269108567,2.25324936375953,2.3181851489334
"31",1.74567872143678,1.76213410922321,1.78150501354204,1.78441950827049,1.78189008045431,1.78601722937785,1.76710279601514,1.78942801526364,1.73731365544335,1.70650614899812,1.78307102538337,1.49601944990987,1.78212515445163,1.19206612440021,1.48920129814384,1.97933481380952,2.01072320518546,2.02945395501181,2.04922309673876,2.06864220315073,2.08010587690369,2.10429246889582,2.09564162064681,2.15410930135355,2.18921209352171,2.11851526652924,2.40936273237513,2.12672191308015,2.7192930473462,2.4212820469245
"32",1.74727906754614,1.76511955380909,1.78377431070441,1.79526421490143,1.80310643265879,1.79323252364434,1.78724374114322,1.73418074716911,1.78196427470168,1.75759759363459,1.6438555311237,1.71635335889301,1.77273274607044,1.71333140445681,1.64537293745614,1.97921776186366,2.00927527065191,2.03376649057227,2.04212823015692,2.05068597107199,2.0721872612154,2.08708930801215,2.14731147791653,2.11357711060148,2.14046452064458,2.25718820788664,2.18614238849423,2.13871495597286,2.19614137277859,2.26746825939464
"33",1.73724483631029,1.76785155184817,1.77467450038283,1.80092847814946,1.79411063836434,1.78761229432825,1.78606495856269,1.6940000005381,1.78532643239898,1.67959430579936,1.75188926954498,1.65670802438382,1.74739369746107,1.57389650405425,1.72519430759532,1.97854518029144,2.01559111522725,2.03933744474398,2.04030437210265,2.06163575511137,2.08050615436967,2.08888608238027,2.19212542319893,2.10581881958375,2.21686068525573,2.14999929083774,2.24824461890226,2.16016461384879,2.33769327050323,2.18829564204355
"34",1.74098900534901,1.76130951884698,1.77955264693024,1.78151224523578,1.79082624718849,1.77467687128073,1.79767155534643,1.76757198070803,1.7335564803526,1.5519911894431,1.72381500295671,1.70437619613532,1.77682822142566,1.2384122955665,1.58403777722202,1.97852321091259,2.01394945961367,2.03240207197486,2.05298914846415,2.05514864154222,2.09306344373322,2.07752280552866,2.11553759091048,2.1561315527509,2.34289639834145,2.17757911758286,2.20056967642619,2.13120774576129,2.67164738919258,2.32721307755607
"35",1.74151936326312,1.75536177822423,1.77401408784403,1.78806485429549,1.79696382050069,1.7952292100036,1.78986536297145,1.78823032353993,1.77095056868626,1.65471955030622,1.68323853158696,1.69438739849444,1.64709131983662,1.6257665236718,1.58378592426139,1.98865246604922,2.01715172450504,2.03802997281334,2.04858884679441,2.05649803575313,2.07080286507838,2.0864897366943,2.09799095692907,2.11950402978892,2.24193638501795,2.21827241352156,2.20969778430883,2.25996239174699,2.28554135194672,2.32725164218108
"36",1.7490068272779,1.77085673148363,1.77250341509878,1.7867991557138,1.79204281122008,1.80119129520728,1.78748535106655,1.79238416949759,1.7763800604691,1.7511075529725,1.72289336230767,1.69247546017085,1.65262558928435,1.04424933959209,1.64414604425178,1.98256557229218,2.00695046001605,2.04009078307225,2.04812148302868,2.06061519673313,2.06972438889815,2.09150500267434,2.09184097825536,2.1153731021489,2.14565462319004,2.17781285654696,2.21115150111561,2.25319426792706,2.86728628228347,2.2697848585234
"37",1.73869837352271,1.76465235318285,1.77578662120658,1.78943356552686,1.78911531351724,1.80636405219849,1.80532873195418,1.72556926196536,1.76518103626883,1.69070519379184,1.69101966484186,1.75346950576735,1.61917311736706,1.41116242197127,1.14457855680979,1.98181469600109,2.01018401303256,2.0408689205663,2.04966885053744,2.06474729951434,2.06058233196505,2.07115990147472,2.16090968839901,2.12723865143718,2.20820207173012,2.2089930537366,2.15426242792207,2.28762394330549,2.50056439099644,2.76668425673519
"38",1.73983179019575,1.76488054275988,1.77782753116573,1.79216543513189,1.78031805204018,1.75868391640717,1.74533497210172,1.75550746605366,1.7458819616841,1.67400725271857,1.745318579216,1.61151374386759,1.74745502984974,1.49237748178739,1.69137031684585,1.98113807652526,2.00713523737806,2.02957792465483,2.04725969293327,2.07716550939384,2.10728590651616,2.13057704922838,2.13047927970932,2.14669842726962,2.22185244101391,2.15562488042988,2.29295343641092,2.15913417390213,2.4152824285655,2.22245149811542
"39",1.74525614051355,1.76411167148203,1.78927573889584,1.7875299194723,1.79623762826584,1.79787549426487,1.79936567334701,1.7921034128309,1.77364349573123,1.76604701367425,1.70635598563917,1.66935277671624,1.73673839874159,1.71481945164245,1.61965893305452,1.98968148991034,2.00883247039655,2.02400157413381,2.05054838477259,2.06027274805418,2.06822732458846,2.08079556899103,2.0947483957558,2.12153174187501,2.13113719049778,2.19489954586426,2.23437155931791,2.16972447220003,2.19411806875532,2.29248588803755
"40",1.74794124480966,1.76283885514054,1.78646496739106,1.79262575235077,1.78445237745418,1.79905292413338,1.78280247692016,1.76695715916627,1.78476031102582,1.77518206453233,1.71069905508442,1.70405185627287,1.67067609186354,1.71804340539153,1.76199429537865,1.97997543572031,2.00763418604971,2.02822458596908,2.04315112728629,2.06658664013425,2.0674645596277,2.09268477248308,2.11928073540851,2.10630647302869,2.12365718122204,2.19192076386888,2.19937957908527,2.23529536788268,2.19060894220243,2.14876773081427
"41",1.73954013068547,1.76519096283584,1.77999944429843,1.7826236812561,1.79263051474893,1.76409330964088,1.78828892447822,1.78603508034935,1.73726490622258,1.78077403876145,1.77525968151633,1.67381139601624,1.6169406997994,1.60165900510941,1.63939327208623,1.98660968586217,2.01450609603565,2.029456829576,2.05015679198789,2.06412943901595,2.09903945136696,2.08922292504151,2.09742771820327,2.15339822030165,2.11818232189883,2.12565427283737,2.23310601741064,2.29005812340978,2.3090868566995,2.27362711530947
"42",1.74486876451979,1.76608761481139,1.7744717234397,1.79958712364472,1.79691850427184,1.78983205086595,1.75877422888919,1.77326049636972,1.78220206557531,1.54768209277395,1.75675461327719,1.76062975906708,1.62708649500855,1.70976921100435,1.69594476340687,1.98195359183027,2.01289390108138,2.02996942469883,2.03865055563919,2.05547377313498,2.07725413611552,2.11520252467676,2.11213068100846,2.110009518828,2.35056058274069,2.14277858059187,2.14350580445768,2.28207631433056,2.19957204138193,2.21644752069264
"43",1.74855361565883,1.76949120144758,1.78074807573323,1.79247559133025,1.79495899751013,1.77018008047893,1.8009841973273,1.77410100312633,1.76041603357882,1.78203262716481,1.7020506245365,1.56238989221559,1.69119572050775,1.71244542017086,1.48555841891559,1.97843824806108,2.00780875651969,2.03019068916098,2.04605828057659,2.06174587931027,2.09333985815858,2.07570144567039,2.10941319004996,2.13316149861822,2.11586316968663,2.19734466499552,2.34232275839895,2.21836076381675,2.19865537785302,2.42692875625043
"44",1.74734781925117,1.76620597735055,1.77901558336159,1.78852639143868,1.7996371513935,1.77666681782843,1.78821454631456,1.79210362461035,1.75559599399896,1.68726120349917,1.78566831445506,1.61475226238118,1.48526092397856,1.39062077295393,1.65297900187185,1.98491487036227,2.0138613700421,2.03376403212477,2.04882604798779,2.05228735448456,2.09213491308468,2.09067664316513,2.090115653139,2.13481222309969,2.20826711532833,2.1180641363449,2.29094738240372,2.42082269940255,2.51923682575706,2.26142240668536
"45",1.74151991336594,1.75921329355783,1.78207673915283,1.79616854068615,1.79839757093268,1.76949110190049,1.77476179404432,1.77508418348241,1.76601794759843,1.73667990137955,1.71890130819536,1.73550779763275,1.68902341745544,-0.0701095298056671,1.23720141735161,1.98293300357798,2.00867549558811,2.03262576072679,2.03851263167382,2.05431912930861,2.0978745125243,2.10192963550485,2.11109679256062,2.12396052885927,2.16184193038397,2.18217633854764,2.17012865567908,2.21677836923857,3.98052603202538,2.67592967201402
"46",1.75062358798436,1.77320565697738,1.78021382739693,1.78033437067845,1.78906720217767,1.80427818089244,1.77200251227872,1.67144854110813,1.74790790409894,1.74441014035158,1.58246101043542,0.940628854389045,1.73730150679933,1.55211449622055,1.54771774243406,1.97576939871147,2.00796499088327,2.0341317432546,2.05501739480249,2.06386352072577,2.0639912323358,2.10512277147374,2.21476816212124,2.1428651717786,2.15334866501071,2.31800971600281,2.96268195305451,2.17206351303302,2.35944378964208,2.3644180070355
"47",1.75058486820728,1.76652984721652,1.773442843397,1.79300135724707,1.77990753734054,1.77942945282735,1.79397246074849,1.7904645137152,1.74895551365087,1.73613557462379,1.74253520251645,1.72031338958279,1.77184414287199,1.67529074442756,1.42325277983154,1.98043889022529,2.01488721415571,2.02989267839154,2.04810506734242,2.07013725953523,2.0854427886713,2.08156853792589,2.09675541815537,2.14584490532785,2.16008945833904,2.15947450836165,2.18524213602951,2.13504773531226,2.23494949404191,2.48789252605297
"48",1.74364668154616,1.76518640643669,1.78750403205355,1.79454308719505,1.79584497370753,1.80074523338064,1.78704818249472,1.78096888197614,1.70002308024388,1.74214803239933,1.73863380454744,1.68964462586586,1.69761192836679,1.55054494923066,1.17707004617405,1.98501994075172,2.00904924837123,2.02403061685684,2.04127284135383,2.05703529166574,2.06475701251811,2.09355186563296,2.10307285412623,2.18913038694267,2.15260090524545,2.16410982503571,2.21471159670874,2.20792729451855,2.36113955299011,2.73459167195454
"49",1.74056703300918,1.76958741718652,1.77219053102258,1.78984146852469,1.79226061691815,1.78452946416341,1.7937273199317,1.78874333056155,1.78327627475616,1.76215055418954,1.69726291411038,1.73669403953295,1.26391714524208,1.73578855507244,1.71369852869101,1.98063560788548,2.00975565804901,2.0349899945114,2.04738915685463,2.06223017170802,2.08422323781775,2.0834350968486,2.09510807975189,2.10786997118643,2.13470407278079,2.20537532399915,2.16775401671206,2.64427942711073,2.17559654701937,2.19640083398448
"50",1.75168142698101,1.77041100647203,1.78701107068758,1.78607808505958,1.7836494347365,1.76878618703934,1.78949034619668,1.77628720943333,1.75329172552978,1.73243118901846,1.6619473979681,1.66038411528739,1.53539465011099,-0.783765758983802,0.894211637917289,1.98429769420239,2.01064189744821,2.0263763240993,2.04790788510689,2.07517489180046,2.09946322949721,2.08799728536933,2.10739277796841,2.1373591180907,2.16555526754936,2.2368989215193,2.24355395556221,2.37384319491452,4.69212554635887,3.01628389349632
"51",1.7422095124348,1.76484577243813,1.77894746467218,1.79322748251594,1.80695245223819,1.79245671985256,1.79238476773369,1.78895818515559,1.64997038606149,1.76488487080067,1.6924831766221,1.73112072712649,1.69206679100003,1.33522904451566,1.62999726923399,1.98206898460394,2.00492959792079,2.03336635424985,2.04221425745648,2.04805247750031,2.07430768192476,2.08394066241912,2.09711918827227,2.24220830520333,2.13081225124824,2.20719560398504,2.17227126376147,2.21741969057691,2.57629539099891,2.28160455031147
"52",1.74104887125226,1.77688743479017,1.77271436749763,1.78137322363351,1.78167141725551,1.77579729949498,1.80433550715842,1.74100865008176,1.74812248069231,1.6996681798169,1.78470541974844,1.44894347838213,1.66597855638406,1.58903049397898,1.61580781787751,1.99041453066737,2.00953400756602,2.03754387425286,2.05531641785759,2.06657224059053,2.09053449414908,2.07470113862585,2.14475850856168,2.14204460571349,2.19864081881269,2.1207602751521,2.45477956645688,2.24067557280143,2.31938471536179,2.29877614989964
"53",1.73518879906135,1.76689438958984,1.78519698817985,1.7955071250655,1.7945738066955,1.78243283230561,1.77206587118296,1.7801798759783,1.78194594390396,1.73072110980382,1.65742932044421,1.50950963766854,1.69140896672814,1.73059021643345,1.57357586687502,1.98572197784915,2.01636148341117,2.02682884778092,2.0428669319229,2.0588824790899,2.09091254409757,2.10533173028247,2.10291182486654,2.11179838993277,2.16652573968685,2.24383164346113,2.39503701343625,2.21579578042128,2.17959034484647,2.34006149142112
"54",1.74483912024874,1.77115441305906,1.78188472298237,1.79237567143708,1.80258252919939,1.78317441242228,1.78375437791816,1.74513776833632,1.74268771376567,1.76210810213565,1.75039786515703,1.70696520383137,1.7380725158221,1.53707269593384,1.50483716804974,1.97878185810228,2.01199815698066,2.03095634732476,2.04179257664547,2.05237411926822,2.08235158723211,2.09090306295049,2.14033688570033,2.14783269354658,2.13570675015368,2.15064489109091,2.19870722796138,2.16722553691318,2.37070861708718,2.40854657089504
"55",1.73812625324612,1.76837283031287,1.77643196813537,1.78689959857577,1.78293638798101,1.80345363813037,1.78874574969991,1.73391030786663,1.77177546145808,1.68357387265585,1.76057027798772,1.60809802069448,1.68050873829243,1.69950504789918,1.61150588979302,1.98408189820494,2.01070004073811,2.0351894899182,2.04519738917379,2.07104205593579,2.06106289428388,2.08529406643578,2.15199724868499,2.12026865335241,2.21284589632203,2.13955139541491,2.29617637141594,2.22727173404887,2.21178060979709,2.30197082587133
"56",1.74164452656437,1.7594883173159,1.78148532786775,1.79175373682287,1.79520697922274,1.7939739897478,1.78119105693638,1.78129985358328,1.73336533295583,1.6920004910586,1.55356223340977,1.61727593668383,1.69815101517786,1.52810771683467,1.66659416223289,1.98084440755708,2.01806759762121,2.03386354483829,2.04102991835632,2.06170648723322,2.0730935103532,2.09483438555312,2.10368775279364,2.15881650406516,2.20532870958835,2.34718917857653,2.2870745316526,2.21051805462536,2.38393960640016,2.24621038911229
"57",1.744740626128,1.76333799602965,1.77668058065309,1.78854616873969,1.79686877158674,1.79005939586515,1.76568944574091,1.77570361424618,1.74680150218201,1.69979162704576,1.79543036811407,1.64200734550223,1.72436846954577,1.65849058735447,1.59514819103933,1.97874075587906,2.00781491882914,2.0341435976414,2.0462540103935,2.05545106362636,2.07658396353152,2.10857575823415,2.10892475409368,2.14403390554287,2.1972786387845,2.10401928657988,2.26411607234092,2.18436849126657,2.25219152497097,2.31637287640625
"58",1.7482841808901,1.77351078825905,1.77292985785307,1.7891435148105,1.79925235706329,1.78873978603776,1.78337578692382,1.78633878158834,1.76160063703672,1.73417966196848,1.74741256197765,1.60693129880531,1.58855770369261,1.65349668103845,1.72645831910795,1.97719966071557,2.00665683663255,2.03180598205633,2.04622673163656,2.05479991392499,2.07896188852162,2.09629933913087,2.09992826904957,2.13268373454914,2.16083895529948,2.15569150980192,2.29553255836991,2.31880191983508,2.25538876349192,2.18484387805023
"59",1.73454698643606,1.76744236947009,1.77984472356551,1.79170789170503,1.77450201599919,1.78755254670107,1.77433557594066,1.77283252306751,1.7616832550415,1.72193504281258,1.66941579890601,1.66783000498804,1.58674440257557,1.4204904207175,1.70043697108991,1.98059742819778,2.00990602526535,2.0300392717127,2.04366613746883,2.07701688211926,2.08233540406646,2.10108994666431,2.10922803904509,2.1321688120237,2.17724228818848,2.23316283671059,2.23793039858166,2.32067661594598,2.48911509476526,2.21321264216815
"60",1.74608111970005,1.76965391071223,1.79260644156511,1.79148354130011,1.79713501951994,1.77284941114963,1.789315815791,1.77550147041814,1.77102238823909,1.6858502184677,1.69466905444332,1.73773893541587,1.74316941028914,1.39457999943882,1.47796298923986,1.97900980985093,2.00694147671799,2.02880941479138,2.04444196191485,2.05611427432512,2.09107989759381,2.08634002819522,2.11047522166986,2.11967384935181,2.20930196835319,2.20865006005385,2.16781666229245,2.16685765647391,2.51571534331818,2.43377207751038
"61",1.73709753304269,1.76185838665909,1.78053674327626,1.78762067369614,1.79825677938386,1.78582081063026,1.79501270554282,1.78960796973065,1.78387331959922,1.71295435570938,1.72314156997386,1.3508525030078,1.59623524419218,1.40236175454791,1.58093414433087,1.97829185582081,2.01598029056227,2.03062317655759,2.0473650154774,2.06160360843254,2.08243775847224,2.08489786609257,2.09393673314177,2.10738711775236,2.18634638380938,2.17846020158511,2.55467709689749,2.31274119975533,2.50992753913238,2.32964470239325
"62",1.74141562256533,1.76545627186644,1.78704513122433,1.78049852450849,1.80026551733198,1.78982793765555,1.79145190835899,1.774337490656,1.70992748042448,1.77586495892557,1.70812383206579,1.61618918849147,1.59776973080499,1.64368423415467,1.45363889784279,1.98776768935602,2.01144123552842,2.0238740297121,2.05907423200057,2.05472513121694,2.0763228067636,2.08459897292234,2.11001075779587,2.17982510503211,2.12255515886469,2.19394515217661,2.28743256427382,2.30987550406857,2.26780394432899,2.45791134296763
"63",1.73898179724092,1.76416148060668,1.78755359898943,1.79041685238429,1.77298559496605,1.78301024880432,1.80265965887342,1.7936040623687,1.68493789625967,1.78787537437181,1.73936407741418,1.68426833405469,1.46209826138934,1.32722500933141,1.64377861059914,1.9837581961281,2.00785696197278,2.02471695861743,2.04850245894081,2.0792105537476,2.07955234254443,2.07685853606256,2.09425415154646,2.20708342530987,2.10933209077607,2.16301607560156,2.221764207093,2.44714148585379,2.58264667903171,2.26763039769868
"64",1.74539828262824,1.76298790401674,1.78913260179717,1.78058133191456,1.79310154787629,1.79064542064883,1.75277528581527,1.77253256137255,1.73125771792233,1.78537627368817,1.7130636458231,1.57203584683425,1.70407301811058,1.60193783672642,1.67353844815576,1.97830599627477,2.00900638023269,2.02688733086874,2.05146363235547,2.05738444988176,2.07980289745212,2.12226352588107,2.11082463031865,2.16314044901428,2.11472974411262,2.18540360927492,2.33254286564544,2.20495587367102,2.30507258757063,2.23913552377357
"65",1.74003785422385,1.76141535679252,1.78659555041672,1.7758677278507,1.78885441364924,1.78143727699642,1.78740624082572,1.78756568181207,1.76854663315192,1.76432693865953,1.72448989409603,1.80296489363117,1.71594845825333,1.37778833482466,1.69657950539535,1.9875656007639,2.014423840592,2.02707727782197,2.05819744915328,2.06906112907946,2.08514344562295,2.08792839481481,2.0989672631152,2.1271536547648,2.13151915619176,2.17675965512464,2.1006135913533,2.19349061662359,2.53144079883781,2.2151545715372
"66",1.74498941660303,1.77896580179565,1.77800268499097,1.77934306470011,1.77727880646687,1.75363143770916,1.8039329973464,1.73195345633229,1.74554634947696,1.66781727883587,1.74636513028266,1.7409036378508,1.65099288998918,1.60570276393638,1.54517405580813,1.98395545212022,2.00522744483581,2.03173527510358,2.05611021014826,2.07842066483318,2.11176624775316,2.07507781851758,2.15193810112452,2.14589939513413,2.23102928974167,2.15618551608214,2.16189275546334,2.25450809875246,2.30460415115785,2.36856189302555
"67",1.74824545168824,1.76645296441202,1.78112963551098,1.75891406686773,1.78741750738783,1.77402126917718,1.77614303043984,1.77681417952233,1.75520228241343,1.76515742579083,1.72786714591141,1.6792513626024,1.61768750087738,1.54875157927085,1.27428198210694,1.9817801762976,2.00625420705661,2.03167281880374,2.07590177077333,2.0648066401944,2.08655765020483,2.09822413251514,2.10689803320668,2.13701871854425,2.13144687915166,2.17467898505945,2.22571240378262,2.28988095133737,2.36190520537316,2.63888805349421
"68",1.74469511093023,1.76553925820639,1.77017142622883,1.78775636840209,1.79888209251562,1.79784158228729,1.79122272424503,1.75462460879487,1.61438518299481,1.75761780915955,1.69141599920449,1.71310441376221,1.55280543502031,1.41348965176793,1.12482816228243,1.97638552403388,2.01095389871884,2.04067300147051,2.05177276069081,2.05503829161397,2.06809770069966,2.085055023698,2.1297598518968,2.27603078463223,2.13993300976872,2.2125771731105,2.19130013950137,2.35186900546147,2.49592864233573,2.78678255192348
"69",1.74071171475798,1.76161807736894,1.77216755307806,1.78845937965074,1.78727360361311,1.78316932549425,1.76662062982392,1.72929600954434,1.74339717982153,1.76876585814713,1.67804070425375,1.6845555460166,1.56624077639327,1.56912237422663,1.7046420233618,1.98555157712555,2.00995642630461,2.03502187874735,2.0427318952276,2.06410887147,2.08363818266787,2.10769724885517,2.15659749681961,2.14979291016377,2.12907378950341,2.22399823163682,2.21779303012324,2.34051003723738,2.34067513943071,2.20969167506984
"70",1.7430787753063,1.7701600127596,1.79014845586819,1.77509733947417,1.78623639606653,1.78895186818576,1.78229451255416,1.76497327863436,1.74055073277347,1.76698642500962,1.66209618232658,1.76262048727151,1.521695545831,1.77187525454508,1.67414338007259,1.98211189309493,2.01334258418406,2.0255442143381,2.06001687210426,2.07142059732049,2.07823258739158,2.09566945091335,2.12052540459463,2.15231166681238,2.12954650466987,2.23951794812647,2.14057323356058,2.38580939018158,2.13972502058807,2.23641256459321
"71",1.74573972942556,1.77171960006981,1.78015632850053,1.79849572801121,1.79087378618525,1.76930150519541,1.75438199968473,1.77395140096027,1.75150466976165,1.7123031787809,1.72188062709632,1.7417679536258,1.46176795172395,1.68505825545329,1.41906488623211,1.97793745717146,2.0040842928923,2.02931846683711,2.04316393925422,2.06271979370254,2.09459088535481,2.12273712364256,2.10888262808468,2.14017756876597,2.18323051086798,2.18057081239976,2.16492855995915,2.44480376746606,2.22381276384377,2.49257272137915
"72",1.74490411989852,1.76739457353091,1.78548206383863,1.78846315376158,1.78420015563238,1.79378799820868,1.78937214222084,1.76227188532274,1.77091260799135,1.77986326795776,1.7154383452206,1.69440350080932,1.43872078953887,1.70398583003588,1.58699712965555,1.98166188951162,2.00817948279893,2.02930679466196,2.04991763422102,2.06720562123336,2.07185257696275,2.08810594342967,2.12347655360546,2.1232219536816,2.11504989544462,2.18436260554326,2.21047274054641,2.46796546170573,2.20650435337282,2.32266333819842
"73",1.7493753772986,1.77362130963284,1.78440810027688,1.78900351329322,1.8024081999191,1.79596884417005,1.79954138725337,1.79429371180379,1.79786921224437,1.76676575833853,1.63118730980819,1.71664545229531,1.76928360511371,1.75166841461438,1.47488274350226,1.9842498230947,2.00924511772972,2.03255757264993,2.04594276659611,2.05513940845041,2.07235503082991,2.07752152861611,2.09151085135915,2.0925576669998,2.12949096087303,2.27108526553396,2.18800212946344,2.13869104044436,2.159108104293,2.43796562954859
"74",1.73533479311802,1.76963078915304,1.78874004913095,1.78369721590612,1.79569971736022,1.773592653241,1.78058442065861,1.75233005646142,1.79595452388254,1.71669493088231,1.75386563290883,1.69491699959863,1.60780268856006,1.62156572502834,1.62327688492494,1.98299225871441,2.00962180856313,2.027617311629,2.04677209251703,2.06345437407087,2.09153444829168,2.09558181789977,2.13431742957798,2.09697153729139,2.18090403749801,2.14783041114196,2.20799584795692,2.29843947627301,2.28869971628123,2.28995756386472
"75",1.7433505784144,1.76894360629559,1.79508116562266,1.779421395122,1.78941508653781,1.79442417450489,1.79308138058354,1.76976093330543,1.74058098290965,1.43779806739236,1.7556379642864,1.79043767895547,1.59671988051616,1.69501815563384,1.71911312952922,1.97657139480309,2.00267367024616,2.01997680755112,2.0549233123317,2.06436912804261,2.07255557804383,2.08115562194924,2.11534540875666,2.14971898517314,2.45707942884788,2.14556754635429,2.11503948386125,2.3125346593528,2.2158904213982,2.19522484793146
"76",1.74714439775494,1.77586508559855,1.77864192147289,1.78247147483662,1.78318367537083,1.77761355259394,1.78270813415499,1.76258135132556,1.76220828988564,1.75644787327071,1.76964576074143,1.69116742807993,1.66313584825263,1.64020026368073,1.51722083593612,1.98464136055722,2.00458020932023,2.03041911933365,2.05541725524199,2.06695408238698,2.08792880750784,2.09208826319121,2.11810250229984,2.13100336531795,2.1416500492207,2.13087466636166,2.21508835903553,2.24593826249565,2.26952465046752,2.394879844298
"77",1.74631281285655,1.76445923084057,1.78714411449112,1.79232228843344,1.78754011198887,1.79864185876442,1.80182856178837,1.78464259077099,1.78195667293866,1.67167586076859,1.7772960137692,1.57010399343383,1.24572016378631,0.947147427390352,1.40248222318538,1.97825020804086,2.0109238920897,2.02866027354463,2.03921805988997,2.06227002956331,2.06639116185232,2.07478658874102,2.09844270520916,2.10903253563755,2.22730111013632,2.12587678467377,2.33506722199673,2.6609699257701,2.9600734458926,2.50994853095489
"78",1.7420406962258,1.75746484998868,1.77404886350341,1.78746588514002,1.78512197687438,1.79497509686916,1.79078910447412,1.76388078430351,1.74769173502199,1.74770358758001,1.72627110055923,1.65562317179102,1.67266453322149,1.73145487171432,1.44323324224207,1.98385813279656,2.01399687788074,2.03620690807231,2.04510306545626,2.06563374645294,2.07191847948512,2.08615492862428,2.12015070996385,2.14296616519385,2.14887434655583,2.17305831242269,2.24913389117326,2.23481455567206,2.18058135602427,2.46856135282
"79",1.74643426917976,1.7699541997279,1.77303675289251,1.78646191089558,1.78991814009905,1.78735612849212,1.78340845581743,1.68583257596205,1.4201452228398,1.69091450533109,1.74340101558299,1.69470262196011,1.71790599402204,1.52942036924585,1.45565445367338,1.97639380793963,2.01442433845973,2.03990522548551,2.04345324463342,2.05816206858393,2.08098691615804,2.09093071578595,2.19656857145398,2.46864330851523,2.20728360245075,2.16012666004262,2.21100948281443,2.18953911569823,2.38120239531853,2.45691847704415
"80",1.74314509319225,1.77311764944083,1.78223523325963,1.78748607583179,1.75831935593799,1.80007207050294,1.79359445269562,1.77547487691529,1.79015079051221,1.77072623440572,1.72716333424833,1.68525164010425,1.364838211052,1.74154736471267,1.51132729946374,1.98546236404725,2.0088944814583,2.02941777152908,2.04625087423181,2.0956559242805,2.06711475287782,2.07946163415281,2.11180030492402,2.10211661130224,2.12699335107916,2.17390143493715,2.21816382776225,2.54141595571599,2.16988712676424,2.40393934755246
"81",1.75122545172985,1.76432672723354,1.77548982868913,1.78737487096098,1.80114202942179,1.78145810656153,1.77563496728865,1.76410099090488,1.78708158491681,1.74923073451247,1.76207595190133,1.73869891817881,1.68667385434943,1.57793019239506,1.79945036275155,1.98330020700773,2.01324201266679,2.03073169419523,2.04612406977229,2.05448151335784,2.08067755577243,2.10242718347635,2.12134181631183,2.10606222585897,2.14838661044847,2.13821552382323,2.16872878737817,2.22089367455769,2.33598797232865,2.11196424691121
"82",1.73819687558708,1.77055672487937,1.77552676438405,1.79407643853914,1.77252417705368,1.7985968455913,1.76960626909602,1.76886673063939,1.77343289233285,1.76836316142401,1.70235841553705,1.68212949314001,1.65729578193,1.72068799670455,1.67377707302519,1.98589930047011,2.01012345003054,2.03324372715702,2.04184283567908,2.0833903511592,2.06942343256534,2.10617257507912,2.1173168378108,2.11782872184927,2.12676014660728,2.2003731368361,2.22183057191748,2.24811281497993,2.19038217406152,2.23983108402069
"83",1.73732395460494,1.77336785864946,1.78300968773093,1.79537986515931,1.79511218920049,1.64916647206726,1.79245376747859,1.78294363842032,1.75019791202616,1.67660796424322,1.73278186676266,1.66002462633486,1.59981380045994,1.65213033286027,-0.17896007514135,1.98536057764824,2.01059832101655,2.02845130930895,2.04215327130498,2.06006006086838,2.21147167428958,2.08329785125893,2.10038559783219,2.14027435297927,2.21869891450202,2.16543653369872,2.24431367722175,2.30804983448553,2.25707952537275,4.09065781653239
"84",1.74171992914385,1.761938670376,1.7860274775594,1.78761845970361,1.79069682454255,1.76720623109672,1.79283404442,1.770743356571,1.71939175811131,1.69355519688407,1.70198735201579,1.72376106895136,1.58097779578392,1.48965934230194,1.45979411909679,1.98251028583505,2.00633381744515,2.0269094222161,2.04756497560852,2.06112206339716,2.09633632419467,2.08880631492143,2.11891624088773,2.17545766513365,2.20601190301201,2.19658224149647,2.18092042164162,2.327934797402,2.42020666863964,2.45287510757569
"85",1.7368694036547,1.76893088832766,1.7844542308218,1.78127700447135,1.76523886706355,1.79923150885127,1.78731766787817,1.74316166428078,1.77836575091072,1.75472605307437,1.76871938835467,1.70367258978151,1.69319332254186,1.68684951554887,1.0460628358693,1.98662319359854,2.01523586294221,2.02950191753459,2.05195893380526,2.08759116639939,2.07158210027565,2.08896413014444,2.13781781180702,2.11311354184833,2.14404697348924,2.13253832002263,2.20293038691089,2.21619386508258,2.22521163270163,2.86618312853413
"86",1.74672799952008,1.7651499466037,1.77788883870293,1.79725217340295,1.78737999675467,1.78336822919474,1.79219546513986,1.7760959423022,1.74843643873107,1.64578283351855,1.56703702557049,1.66225743015089,1.70251636314832,1.71478961593105,1.50182366653501,1.97584522045145,2.00563930505028,2.0318236665956,2.04071260111666,2.06806252541519,2.08067555277496,2.0867548307511,2.10960513743992,2.1401058572936,2.25049581399291,2.33578908492363,2.24075837947964,2.20586464648566,2.19601080845826,2.41130463431319
"87",1.74454125141807,1.75832602969884,1.77104488107117,1.78540926535205,1.78878968360032,1.79177712575321,1.77120501785401,1.76445544912784,1.66463235891022,1.76559334100916,1.71231113997576,1.66127402496046,1.61726435020097,1.48905404736718,1.41702017690883,1.9821738313149,2.01406845639815,2.04062499736511,2.0501235115791,2.06664875867216,2.07688091451945,2.10317422469595,2.12489972933681,2.22671842202834,2.13254740573256,2.19020050704659,2.24390727834669,2.28824335230449,2.42158336742698,2.49796342651274
"88",1.73747169786355,1.76395599032457,1.77251747265961,1.78363576870059,1.7856330437097,1.79173948668127,1.7308830720137,1.80226863028269,1.76067843723468,1.67580982703891,1.74330878286985,1.68287745368025,1.64020983148651,1.5864804649464,1.66658354895678,1.97639271200407,2.0103109469249,2.03554243259601,2.04794436167501,2.06272896867235,2.07485963537914,2.14594461707428,2.08597468406683,2.13078616547272,2.22109111928246,2.15465420726365,2.22215928703577,2.26970464546184,2.32466394374609,2.24686324970756
"89",1.74882235615696,1.77149411402331,1.77842470987514,1.7930488785485,1.76716400787621,1.78864331705484,1.75839353367436,1.7804911389897,1.7698076695542,1.72396805526948,1.75215944295184,1.67867438117723,1.6771263341493,1.63172895227333,1.45656134431915,1.98576105948195,2.00674400284775,2.03015832172461,2.04125290005854,2.0886145157132,2.07999765579084,2.12011375774652,2.10385917306379,2.12354242636951,2.173675736811,2.14967776946696,2.22641569187905,2.23102238271292,2.27559939701503,2.45517872549585
"90",1.75054813453421,1.75134281534935,1.78534050771764,1.78943532205248,1.79959069505296,1.79385215412509,1.78905737771038,1.77243423485626,1.76008036199089,1.73626677006083,1.73106238640968,1.54317596965951,0.918176878478745,1.51194720381027,1.51751241256962,1.9837300902757,2.01573059529221,2.02799136248777,2.04460750616858,2.05909574208234,2.07278185513827,2.09008104656946,2.11201835073824,2.13001751260726,2.16110369519776,2.17027039552789,2.36347532967021,2.98915431269613,2.39906033445828,2.39377162536079
"91",1.7310545850996,1.75836209197651,1.77939127804619,1.7928463557148,1.78880985777981,1.77904778497662,1.77414919887775,1.77323353567095,1.68431742244721,1.75883229701023,1.66686316207917,1.70659137541146,1.12150731467625,1.68730231620397,1.65489358743386,1.98386469908996,2.00590644624019,2.03469723353005,2.04179535926303,2.06351976499388,2.08579993316076,2.1009976141486,2.11101416175471,2.20377248505187,2.13999608957314,2.23591128342284,2.19713090328538,2.7876914260678,2.22545218172901,2.25827015795679
"92",1.73758716524355,1.76982306345455,1.77558297112815,1.79484483674608,1.78474039845796,1.78114241016533,1.78714121977734,1.75946159660887,1.74043136425239,1.73769360110836,1.62671969232428,1.76033282220609,1.72897102299424,1.61418835943261,1.65651943339725,1.98286354729366,2.00000348774304,2.0331401201749,2.04157312432013,2.06682098449869,2.08770869088946,2.09163529576176,2.1269880110414,2.14812987562491,2.16231748048639,2.27489802629711,2.14548947526672,2.1811423218135,2.29572344510228,2.25467156209653
"93",1.73642835142161,1.76525777808802,1.78376562005682,1.78680725463984,1.77977247559641,1.7798252402871,1.7710945304487,1.7864025382543,1.75966567476507,1.64563604783196,1.70059297256266,1.60169341702947,1.64840956671945,1.75913819034629,0.771501111366125,1.98365466317778,2.00648478307278,2.03344012695571,2.05163227317605,2.07095118763803,2.08835377617078,2.1023560347874,2.09858977189103,2.13050879301301,2.24997285674675,2.20116109691405,2.30237468563653,2.26101230936179,2.15219326171859,3.14003689274576
"94",1.73387158148945,1.77028143428628,1.77984062407057,1.79659526084915,1.79642035407002,1.7861961597198,1.78947668235869,1.76934547169158,1.77553020392478,1.67997920653437,1.60057163276302,1.57685755290199,1.7064068441988,1.72227457937957,0.687219667972947,1.9833375248031,2.01040784720021,2.03589771212139,2.04385046475,2.06054297757147,2.07720044009063,2.08841852520054,2.11580453686293,2.11849456300107,2.21864386963054,2.29961505925363,2.32985270905861,2.20017154478913,2.18784970959123,3.22607600417439
"95",1.73954741663779,1.76396936188673,1.78180643805353,1.79603117185237,1.79892925866352,1.79379151349636,1.7831287760351,1.78835694242411,1.6493908983182,1.67533661249344,1.7451885631882,1.65538774304996,1.72642431499266,1.66700799069077,1.67946644322978,1.98426685294971,2.01627084029253,2.03112802101597,2.03896111526722,2.05563816694396,2.07229058074588,2.09171422117775,2.09941793702777,2.24157058811142,2.22260053240547,2.15533369952067,2.25095648755796,2.17937739596212,2.24399915126913,2.23327404553394
"96",1.74897006815612,1.76448873799202,1.78738491316091,1.79403756057571,1.79716905110195,1.76794363961807,1.77756384482278,1.76980946374998,1.74040460413145,1.71342898106747,1.72696246809858,1.73490529816623,1.54278426880852,0.868698074418303,1.58513192073854,1.98443621475279,2.01214658301736,2.03162514211294,2.04328635271491,2.05998584276161,2.09994541822377,2.09721432462158,2.11328375886602,2.15566540611603,2.18412992901702,2.17266580714691,2.17045961224309,2.36404871936809,3.04116366207919,2.32805760218764
"97",1.74762921099315,1.76562388903861,1.77707299099788,1.78203645758354,1.79350957695733,1.7985342939777,1.78485834024825,1.75347773595977,1.78737751721316,1.73710728069497,1.75776805532922,1.665430756779,1.62597941324039,1.61525435281937,1.52111711802572,1.9763434090894,2.01452829665302,2.03412480284604,2.05468443996384,2.05932482132652,2.06579151169286,2.08932308775831,2.13262300659844,2.10511533022587,2.15876701886435,2.13935358011434,2.23948156531182,2.28073214073,2.29416321593994,2.38952650109629
"98",1.7401592367335,1.77583932578058,1.79244863578808,1.78244106631835,1.7882216736936,1.78652505289152,1.79019348042603,1.75600170125403,1.78624320344419,1.77728811723101,1.38709367222576,1.69954599504832,1.72531854289953,1.70005608800833,1.22337220048822,1.98134303363897,2.00876865309711,2.02713783663517,2.05430353559926,2.06386704514527,2.08439051786445,2.08703476786203,2.12779234091744,2.10489185928392,2.11807608000398,2.51589018620877,2.20492632184811,2.18111515808902,2.20985366875229,2.68953261836409
"99",1.74922185435293,1.76770839901026,1.77391165912643,1.78228989709182,1.79129596987223,1.79396984659506,1.75436734964892,1.78466065082886,1.75824647629557,1.71181492219647,1.65919182551049,1.76859452445291,1.66241752175627,1.66409205415431,1.75423391689022,1.97940074529202,2.01449589262117,2.03625537322473,2.05520135224876,2.05857218602883,2.07302015246955,2.12280963661081,2.10160006110068,2.13138628636928,2.1842612586189,2.24117447164892,2.13797575978551,2.2471633031332,2.24431180242814,2.15729399685747
"100",1.74319690810919,1.76446894121565,1.77767249432659,1.78521885846069,1.7880528404687,1.78325136772779,1.76556225818855,1.79169136370328,1.79639993848231,1.69799962945973,1.73329670635877,1.68052766058624,1.70592894273717,1.54248419840096,1.71029861524361,1.98024052458199,2.01010463111149,2.03442053394552,2.0499190996066,2.06505743018786,2.08555520574728,2.11166314364283,2.09078433472177,2.09465353619989,2.20111473570338,2.16519897555296,2.22420556563241,2.20358052688632,2.36715991651687,2.20263874548132
