"","V1","V2","V3","V4","V5","V6","V7","V8","V9","V10","V11","V12","V13","V14","V15"
"1",1.87767433515831,1.95195172015802,1.85385924818252,1.8587025417743,1.94492911307389,1.99335459248171,1.87420983184109,1.79438095191985,1.88419666512806,1.95982975343964,1.96731689018837,1.83830695043909,2.21670582888759,1.78692690162611,1.77025469179716
"2",1.89877692590304,1.91178900355334,1.91045119861116,1.85321518031331,1.88363731879255,1.96568792441871,1.87140322734569,1.8404152948278,1.90358032519792,2.00889611716711,2.02577430843546,1.86109318695914,2.14466555366029,1.67955247414468,1.94093048054403
"3",1.90950764364315,1.90961330040371,1.93863390932832,1.86732702112927,1.95560641067962,1.90552632542043,1.90783052992171,1.88251819601446,2.07992035830773,1.89372388343633,1.9316929346349,1.85852400236236,1.87145397006846,1.78337554184703,1.67774941067304
"4",1.93352146329448,1.96791373357701,1.94953107016514,1.95289441097033,1.83744662496491,1.89550243010985,2.01851689838222,1.75552602934153,1.81714095667284,1.75989615874708,2.04159024973489,1.7956935598213,1.99462204102808,1.75863685307326,2.19544297866003
"5",1.9804616974071,1.8594637900115,1.91047372028843,1.97298355593702,1.87687201669949,1.91498711807522,1.9116570589665,1.87517691280611,1.87985193584037,1.95799371080995,3.29547691539417,2.04163137892354,1.82300348701682,1.98516266586315,1.657212203121
"6",1.8680979748242,1.8734077458803,1.8967796620942,1.89260289683626,1.83955474727898,2.01677535401397,2.05364025219832,1.97165064096705,1.92742005888001,2.15863032748901,2.02182553349326,2.17946732727581,2.08876876706925,1.62291396669453,1.71450480987154
"7",1.86402389267934,1.87109315138212,1.82929288585361,1.88561125695756,1.88166915194285,1.94951627656948,1.93314916390036,2.03469419354505,2.01386784360684,1.86445228826489,2.32317869759286,1.85475803807332,1.7800069963262,2.06366330853015,2.2018049489828
"8",1.93745868915567,1.88788158892106,1.93506406302321,1.95366522856456,1.92223834535548,1.94124369874943,2.06287870464723,1.91403399250449,1.9158248999821,1.98354524593412,2.19472174040026,1.85532614351016,1.82228876216876,1.9274898454867,1.83788939189541
"9",1.8869411746144,1.96015550637041,1.84334457002477,1.89083200095433,1.93494954084497,1.94282955301986,1.89634750968158,1.98625008108194,1.90248244679698,1.89934811969705,1.90603054266087,1.74318391349511,1.66743227967902,1.4306827540662,1.53822166413667
"10",1.884924026641,1.91464894342914,1.97908811765525,2.00657633751792,1.89358250919054,1.9412433998961,1.92824623221818,1.85857018963024,2.07767801426868,1.77638377873834,2.19252044389475,2.10701155414162,2.18626959592385,1.93456262117085,1.78948303008601
"11",1.89900518002959,1.84120154338431,1.95825389267273,1.93351727566775,2.0282040371769,1.94722332061725,1.9558536140788,1.96498404726622,1.97611623973537,2.19457446032771,1.90486574244947,1.94862630464325,2.26993801492969,1.81622107397082,1.62338569973473
"12",1.83955123695082,1.91932986122549,1.85861405701228,1.89955510880607,1.86552575709027,1.96461473499625,2.0230528688943,1.93902262983964,1.81735404894849,1.60686017141365,2.04889913764943,1.79185297367039,1.65917299567365,2.11583908841384,2.15676115471843
"13",1.92676437581003,1.86578983582878,1.93309084502555,1.90127695843257,2.08937651772996,1.80008594715342,1.95376786082991,2.06772451475322,1.93453479090642,1.92825723416175,1.94007620985931,2.53555638145001,2.45434177951174,1.7497478752366,2.16125259740925
"14",1.86848290380622,2.01074889182291,1.91991285394151,1.8783215764303,2.01251587685439,1.98181187934428,1.97924887299059,1.87981832865935,2.04443151905449,1.90553346908471,1.97381534611157,1.93168838518186,2.27318757898976,1.74988227665613,1.93791536060781
"15",1.82957294648527,1.85504616585077,1.8403402934504,1.89165218907283,1.84462826147674,1.81509424887544,2.01617973917545,1.9311225866401,1.83472796548314,1.78029294931879,1.6061952214186,1.936591115972,1.60267789695568,1.77092178882629,1.99925382924146
"16",1.89036248288319,1.89596736610267,1.99007712302677,1.85539381780746,1.95595991146653,1.93335384195228,1.88598056256968,1.9485469206052,1.97030783152753,1.93729651451024,1.83383912536656,2.15647739108578,2.05590080208376,2.2584490880538,1.8652986411539
"17",1.93045385245157,1.86412434671893,1.91860894041421,1.96613961383145,1.91789706770706,2.01055639629934,1.88522758676103,1.9674741778188,1.71195260116551,2.03207533907688,2.03774956602607,1.95725780470079,1.98288867536563,2.13380300923632,1.84340293967933
"18",1.80451552013756,1.89471235873204,1.92557572573154,2.05047880217346,2.03281659397178,1.92267125128998,1.87786007190926,2.08862983035445,2.05785642466947,2.05939314332092,1.93122500949916,1.87807101760836,2.02476731323447,2.02575105091746,1.14371408891667
"19",1.91855843637089,1.83286600288009,1.87864049220682,1.9594377337851,1.90216977171484,1.82107150029899,1.99224752322708,1.87078424122712,1.9597159127884,2.16798362824051,1.89782311023948,1.89866784209628,1.77769770740916,2.06270376291105,1.82384320286689
"20",1.91343289781515,1.91871107139678,2.05891580642861,1.95311236170079,1.82696958300784,1.90298538223488,1.7837570560766,1.95276237527876,1.69737509242124,2.09069370674418,1.87704389534965,2.08439849149795,1.8053913955142,1.73099308541982,2.26829722815591
"21",1.90523411065382,1.89868999032717,1.87476107058459,1.97484496759142,1.79710630715954,1.94387348893153,1.95699726750197,2.00384081475942,1.8875766866965,1.95663619716608,1.68406442294597,1.97396403339502,1.925960011703,1.79717409446675,2.0681771582116
"22",1.86728948059909,1.91018781422709,1.92750200414619,1.8454963939171,1.90777558051341,2.03963604846179,1.83874531493373,1.97873728464402,1.85250170580605,1.7900733277515,1.95533096054472,1.8270921373989,1.9893496757964,1.97387410374649,1.79757315617057
"23",1.87702118267356,1.8930713419397,1.89243590802956,2.01054307047648,1.88474153169306,1.95661722417626,1.90446037865289,1.78972651756951,1.9864235961876,1.80349735823997,1.84993874679551,1.87050942120813,1.92771285025729,1.6458957982096,2.6176681800395
"24",1.84908007594184,1.8541083205527,1.97705223107292,1.9495599039512,1.97465068495374,1.93731326399182,1.9486938576609,1.97629146614139,1.98931259684308,1.84549614048439,2.21238578471086,1.81693399925954,1.96525110432317,2.07125865544809,1.95708557978751
"25",1.88285225433042,1.89350525386224,1.8596477072988,1.93195970616727,1.90899858810136,1.98305589663638,1.90257494144061,1.9488538032208,2.00287788963539,1.7373050656146,1.97696262184156,1.98921897465745,1.95820960163473,2.33078799733943,1.95674510757036
"26",1.92789368540417,1.93586060088343,2.02261988338739,1.93364084202413,2.0170374541078,2.00442946318557,1.98296020903246,1.99809239374795,1.97439680656407,1.9176123864131,1.94513260648608,2.18058288740476,1.74847035763961,1.70087301548424,2.32516522595651
"27",1.9199052736787,1.86567752038733,1.86447330655786,1.91521708593039,1.9224279504936,1.93476507428846,1.98702815051522,1.99524431164974,1.78518079527892,1.92522287252352,2.02431547960858,2.13259105867243,2.31496197096523,1.90069285147052,1.72850835512115
"28",1.88657301334128,1.96496218341557,1.87173253327235,1.97913069365809,1.93627273402268,1.89384411664984,1.99057584020801,2.00979458368143,1.89225253138909,1.88391760382647,1.76523669560338,2.05326060380038,1.67485897497624,2.1831151625447,2.20256793423378
"29",1.99203910849273,1.87366346706202,1.93476389203055,1.83932938712385,1.92398086420012,1.91301947588817,2.01262037086553,1.85184982189375,1.94485020812738,1.945618901358,1.76781900906733,2.13495367751443,2.00966980812217,1.78445949887769,2.08411477245556
"30",1.91911036341517,1.86374470439688,1.90225111675292,1.99430686896182,1.99597774692496,1.75863106988688,1.96522728168018,2.04022914567404,1.85461456007178,2.29908276855685,2.431174323538,1.98883126125634,1.90704946858147,1.86343819371559,2.00689547848229
"31",1.81176810357703,1.94972857725733,1.82798761219864,1.91804423349116,1.88601493675721,1.90471476521118,1.91272100426384,2.04222615769964,1.9406996002576,2.04616919317659,1.96598710914742,2.00437469486975,2.01971814144006,2.7169676989484,1.44720940736901
"32",1.82228059281485,1.83372754346881,1.95058954331141,1.80728383149869,2.05890273811158,2.00550346332331,1.98041119627007,1.97006905924144,1.93047858271142,1.93116359659577,1.88037892741348,1.98256208375083,1.87219752620773,2.17482817165247,2.09512130680337
"33",1.87842477289762,1.87621202111262,1.85463647027075,2.05037573377295,1.92869874511145,1.83321496695784,2.09072411919489,1.86464683607499,1.94054068286436,2.08851459584245,1.97876930061489,2.57187745157402,2.11107590024087,1.91370732636341,1.78206234799411
"34",1.85503884772443,2.03058449763517,1.90801721101737,1.98320772176468,1.9151877109121,1.99767818658182,1.87167735414241,2.02096562721769,1.8468290884722,2.34759985656364,2.20467680452137,1.99938768289127,1.92406548699439,1.67511021933679,1.86145989146658
"35",1.75196145195945,2.00382958941672,1.90642594955974,1.96383652150182,1.85954463461431,1.9702610858531,1.95844728348752,2.04418295836064,1.83730836841446,1.85762467951554,1.78242818912214,1.90243614694623,1.83537385566838,2.0311705093976,1.84958769960045
"36",1.81365916479621,1.9817521955569,2.05065131165502,1.97960530987709,2.02029695192104,1.96909205292606,2.03328619634524,1.98465730093296,1.9389310119016,1.80073912830039,1.76017888114145,1.93293770492357,1.97621736560303,1.80822376593818,1.76564994398932
"37",1.81317892467243,1.94693331874326,1.78298894915856,1.92519477815236,1.93681829584723,1.78884152970697,2.12324478165378,1.97952941767203,1.79623060096375,1.90425426495607,1.97747878910296,1.91877886815618,2.18278884628572,2.12321883178417,2.07286607946273
"38",1.93035614990838,1.9108324961641,1.95255108749141,1.90109166313709,2.00521845926691,1.9735233946319,1.8897202351399,2.1234825493157,1.93168892381039,2.10312863888218,1.81129038320407,1.56524526439724,1.90857128917845,1.89591902565063,1.98601065617748
"39",2.02285862450589,1.8856108264766,1.91421405291976,1.85879490787624,1.95583496480039,1.86275493074223,1.88636848664208,2.12256573873051,1.88412866944443,1.98808194363149,2.12099946827334,1.97686001888195,1.9814777348132,2.37032715416784,1.79066292042788
"40",1.82984880961398,1.85602079409479,1.97701561867324,1.96068041242813,1.92071194244574,2.0232578773705,1.92888454936052,1.82594897840677,1.9617518189404,1.95014757248656,1.93103296243719,1.81024945941551,1.79857551534354,1.83832191619317,2.02266122768455
"41",1.89870774900112,1.93054110252285,1.90190288494935,1.90836039979758,1.91482476953229,1.82212428820851,2.0219818189635,2.09702863456351,1.95179026274775,1.89133910029628,1.53920746229145,1.77899989300711,1.7993582070367,1.97964041529077,1.87017667009897
"42",1.88629666459014,1.82077972071117,1.91668560919598,1.81957481075702,2.01945331427746,1.9842209279208,1.95117233961504,1.82676366696748,1.97108966506943,1.96128860229747,1.96494660766459,1.88262931001563,1.94821685991697,2.18823926035052,2.00566353549596
"43",1.91251025667858,1.93536460417251,1.93562013744023,1.88820312338452,1.92796648525695,1.97742019923592,2.06064490799805,1.89865429220459,2.04119869856706,2.1139500016101,2.00828687623604,2.18496539462415,1.86304105419707,1.92366076089898,1.9241082244336
"44",1.92746658177284,1.89844204367026,1.97821688782227,1.9175055443327,2.04239842902477,1.89970503374911,1.93646100215642,1.88101258811109,2.04477581029067,1.84511555610148,2.01208269017693,1.18436129221543,2.18310425799011,1.37135353079289,2.01620691527614
"45",1.85915871689676,1.79400954567457,1.95723283958307,1.89777056335589,1.98211454641349,1.95566246587992,2.00442307474899,2.03662404013133,1.98054566535842,1.82072087437905,2.02926278420085,1.97650432199155,1.84561631222447,1.99691178441841,1.91843402392281
"46",1.94077486215353,1.87772740703699,1.89321715396611,1.91043705487961,1.92194717262774,1.88154420930579,1.87369366921204,1.9786565136515,1.92018360987168,2.44604168052327,1.81122721408393,1.91088526917694,1.9916297498077,1.76174296289092,2.22537906990742
"47",1.95280356228787,1.92106719654195,1.94420417205392,1.98141311706158,1.95388546788248,1.85800133904238,1.83150334753613,1.99703023066212,1.92835761421537,2.07158136564133,2.05609477724296,2.07103845230817,1.72993613084811,1.94067472464521,1.88753358036471
"48",1.9037585886437,1.87130466499012,1.99963395381586,1.94052792009525,1.88390944458907,1.97396669209922,1.90002307257145,1.8996260238781,1.68123565563599,2.00991252704314,1.86871269023764,1.91382800587979,1.5710505536365,1.87709112620769,1.87126722895177
"49",1.79258429602657,1.86842559294651,1.86138147696001,1.84891574007536,1.94070973915819,1.97036330763655,1.94045040117707,1.89442233750227,1.92627771843319,2.08043563542651,1.82636965622786,1.95264219806442,2.02937843894049,2.16139745822829,2.06759536963551
"50",1.96320932462473,1.88886899564229,1.89580790222955,1.8667688495074,1.99325118068085,1.97255884733017,2.03627947674569,2.0742921345042,2.00599269929214,1.93974511647331,1.85887149881011,1.56561570058855,1.87529728387665,1.98524570365203,2.16907893016031
"51",1.84498414967116,1.86012891439677,1.9879262804729,1.89032690960675,1.93814076577693,1.96911585254347,1.88889562691157,1.95282657939982,1.95166761454524,1.92970441959299,1.88714005556347,1.75341100476028,2.07782497167746,1.83147661771179,2.65051785371621
"52",1.86088397041416,1.84229233823789,1.92384797341985,1.95908933747553,1.93149169112455,1.83518000767439,1.97457031092751,1.95689954311274,1.89031226675263,2.06139102405556,2.20289850725902,1.63252332941623,2.22715784768239,2.09605203866631,1.78923068710466
"53",1.92574433983474,1.91789100678943,1.93614847078003,1.95069987652887,1.84179246059601,1.8557461311841,1.89119489654612,2.00919801257149,2.00947378820092,2.01031125672542,1.95469086614397,2.02738983188771,2.18045246417161,2.05025759785155,2.44565040052998
"54",1.84785320735869,1.89498262619476,1.90662307195856,1.9820755107382,1.99347788371687,1.92600504658086,1.92992820196456,2.01732383960456,2.05721039002942,1.95528252358341,1.96523961617819,2.24192927577107,2.17512281127399,1.97252024991262,1.88911875525089
"55",1.87443027353921,1.86899818842789,1.90962982149011,1.83379809435014,1.91982297402685,1.90853354767664,2.00837839486831,1.79647048828619,2.06043650241882,1.93100517096226,2.08203914089634,1.94276444467563,1.89343142419646,1.78041486573291,1.86907192649155
"56",1.74795008790968,1.87564474085923,1.88965816544157,1.9470015317552,1.98957754270332,1.88889633997129,2.04794245100039,1.8378776589379,1.99733834697465,1.99508759031496,1.83449368403385,1.67561827614681,2.2592804524127,2.02785968248187,2.03464655445908
"57",1.88797119624542,1.84942965296855,1.89008908254766,1.85095775922503,1.93042450969653,1.85010184108475,1.91049314281328,1.95937200109776,1.97767722078647,2.13332806679239,1.72155207716782,1.88873667973933,1.95508525465772,2.0390933619724,1.78362641713509
"58",1.91826497939934,2.00702233700349,1.91428327751015,1.86464404096265,1.91221751639205,1.88047477141975,2.04235471090301,1.83599637988936,2.03700745114179,1.99024795292514,2.09635271209637,2.11440314651304,2.09305103409257,1.91175577129212,1.82926551620696
"59",1.88052733399098,1.82401819359561,1.94279259240816,1.91586523386712,1.92050742957445,2.01057275625929,1.9682074795526,2.16627460647634,1.91905134722137,1.99679420930035,1.75218128216857,1.93025648630582,2.04752133997084,2.33027248081216,1.8302848968416
"60",1.83287361157392,1.85432676710735,1.98389369621319,1.90946168179291,2.04286210057787,1.96867430558587,1.85297884204196,2.00947385347017,1.94238800710568,1.99963873363341,2.0187115424163,1.74203158214192,2.00713944689366,1.99512754750917,2.1244017834765
"61",1.9998527583037,1.91514180526173,1.94558888616937,1.82283057944794,1.96146983784708,1.85882387790753,1.929791747967,1.8270815624212,1.92689572759692,1.99987171048826,1.78396975875367,2.02927652889666,2.00013842905216,1.88652585564269,1.99345264825698
"62",1.92542503236369,1.89479556071813,1.86157587545467,1.95197865049027,1.94121303418821,1.95026383457529,1.86356649106953,1.90091895562927,2.10706250262744,1.86773553647826,1.97126321901823,1.9946394804611,1.89616670482044,2.33372887656322,2.03698848381942
"63",1.88848370490968,1.94494146761957,1.91537685667995,1.86606982577916,1.97634714835387,1.99707716511886,1.95255706393331,2.13856148032316,2.01186498730264,1.94218527479556,1.7423369318337,1.78387967970366,1.92339481054917,1.61399154375968,1.69518179169618
"64",1.89207563026988,1.86323223921137,1.89125224291443,1.82244735602552,1.91522431019087,1.88595729504449,2.02587427084484,1.89267744267936,2.12613620163449,1.91108102752552,1.93954435905486,1.96892426405878,2.38442014624133,1.80201796868615,2.09163867400004
"65",1.84792772370333,1.90892602148816,1.84646635112225,1.95834129492536,1.96330908197533,2.00451799458038,1.89468373129216,2.02694404930716,1.9372008102292,2.06545220341576,2.04756184632173,2.2191532646095,2.04411351402116,2.00237745652719,1.75709472699326
"66",1.87514959587271,1.93210634363739,1.94296672411707,1.93166722038287,1.91860660336448,2.04696257822399,2.04064921412322,1.87798587185619,1.97852022563399,1.96161577661691,2.03814060951956,1.92358252614497,1.94266975344148,1.81872667063047,2.15469341421395
"67",1.91855928924233,1.86614859369511,1.91593742469442,2.00857448861981,1.95470939285345,1.86400484352955,1.90335278441331,1.99148941622522,1.99193081435331,1.99414809866483,1.87262445082125,2.07489345347177,2.40157825762426,1.66417863337605,1.98454150438066
"68",1.76686218925914,2.00639115461859,1.90061437942096,1.99814007023516,1.96043775462246,1.9203608703092,2.06885713063591,2.00411824067978,1.90110598964126,2.18341111941066,1.99755860951177,1.89589082693588,1.87583545657869,1.84338672371195,1.85207336899493
"69",1.88711673576754,1.85202285988705,1.88691339112731,1.91234269265142,1.96822642835814,1.85497887709041,2.06111120579361,1.85958135820301,1.83277831814101,1.96134805088907,2.0042582141589,2.01353744269686,2.07072954387132,1.78016753340568,2.19432994543053
"70",1.80923917920124,1.91357204454279,1.87072184828096,1.91920765906896,1.88502601662785,2.02079647541575,1.99445655835833,1.96294140438692,1.89646152479819,1.85967957014245,1.99796368262611,1.70912556743229,1.97739695221227,2.27324446808214,1.88954615160621
"71",1.77275580066729,1.96118090515936,1.88285255575151,1.97389086660527,2.05690583778373,1.94052854214073,1.93968860251214,1.94689275360015,1.953014885443,1.96609392472481,1.96023084830381,1.94459743207273,1.75201519132322,2.04883981614588,2.04215829122357
"72",1.89404284823118,1.89282692349717,1.88032315470626,1.799325903913,1.98525836337746,1.89556977367772,1.93329506896517,2.01547617750302,1.93688804979567,1.73462997946876,2.07319877596256,1.68320954075065,2.32662104194629,1.86731078941773,1.82979100222219
"73",1.91000973361802,1.96192922201414,1.87906986041563,1.86499867997371,1.93237956342732,2.02459732416249,1.93610062233106,2.09577133100199,1.86938343222371,1.96287661293918,2.05941665451486,1.46833430489165,1.79561783479195,1.81574511700758,1.78991566545091
"74",1.82662448555766,1.89398776372423,1.91350182523015,1.89400085350029,1.97161315330072,1.97133968772354,1.91717021729735,1.75985599683865,1.99395855814169,1.85139248048523,1.83987033498329,1.97421280564399,1.96415026605844,2.04361304077442,2.13808562348858
"75",1.93861177025675,1.82333900293491,1.88108917189298,1.87017542964811,1.97836648761805,2.00002586097889,1.96125084448494,1.87736118479678,1.94180838276429,2.10335843793294,1.95021726906864,2.23435885518326,1.96973681498981,2.64296226983253,2.01352033255666
"76",1.853414995132,1.83621606419248,1.96196071913786,1.96352078764612,1.94344488100581,1.87060481475353,1.88928999330751,1.92482867467518,1.97276829256447,1.82914841693325,1.84327563924208,2.20467577854933,2.22692766060857,1.82146405331668,2.15745267861388
"77",1.89137542958449,1.98970266404857,1.87594997814657,1.82624111408489,1.98453969379759,1.79435885509749,2.06069231742127,1.97991340122942,1.9936530241239,1.92475561814866,1.87238696171106,1.72868224385699,2.03072665323338,2.02872714041119,1.99395376307111
"78",1.92337662554357,1.86671510854912,1.76904623195478,1.90757995722644,1.96475483149018,1.88341609943366,1.9194116442656,1.91844299179227,2.00236535058576,1.83366667865356,2.18808152092944,1.84439946418251,2.16563312611829,2.0075361050396,1.96392743163723
"79",1.86984620630813,1.92480518018702,1.92810312777976,1.8522574978612,1.87941795483606,1.76341844754649,1.94711018781876,2.00315043709446,1.90348102464859,2.04162767232748,1.90808141884877,1.88903012074502,1.65660269580973,1.95125101380483,1.83373986730524
"80",1.84728684904958,1.85542900230092,1.98935487897201,1.91077896296207,1.89044567204744,1.8913392467791,2.00548930090309,1.9531872906063,1.84316665291863,1.88558706621829,1.95629229574745,1.70945545675693,1.9709507791607,2.15723617091509,2.00798796485723
"81",1.87152145182092,1.96496728040412,1.96576566382701,1.86147960702543,1.99574497849447,1.94304921361036,2.11434233529843,2.04049264436835,1.92914277484669,1.81570717937559,1.99924260933041,1.68536264713388,2.01276925939815,1.86222598110598,1.75792941009323
"82",1.96649185849314,1.86716074953446,1.90136961286848,1.95171140990907,1.86832439057244,1.92313438513044,2.03643294024301,1.90189932931583,1.87932649788105,2.03162738949505,1.67291821811841,1.98986784488557,2.05669795475919,1.67530248399981,1.98125188125279
"83",1.95663676148951,1.9193494119514,1.91622941343506,1.90982211976214,1.8892105779381,1.91878848129706,1.89119466567641,1.9899069343176,2.13236856308691,1.90241518266865,1.88183956465814,1.7755158360663,2.18682008085263,1.82791215832717,2.15524862994861
"84",1.90064602281384,1.91261963251251,1.91137997570193,1.92699041035224,1.98198072866474,1.92664211388003,1.96061510956008,1.99118362568145,1.89931606217445,2.04174831502274,2.10551961209432,1.78673523321787,2.09090775965457,2.36982871711808,2.00667689392258
"85",1.94659370329543,1.83134205772866,1.93883669400997,1.89402962200757,1.77934942283728,1.93393444608016,1.9543854081827,1.90197967434133,2.21303697818683,2.02677903725784,1.7919620874148,2.09307865197056,1.98985832278027,1.94305179625029,1.82351054870446
"86",1.89684350258798,1.88614497499105,1.9189604806367,1.84701747933242,1.98397717325948,1.94058346849855,2.0414140308366,1.9557482357755,1.83422623312316,2.06152473860003,1.77784165566563,1.80481274102777,2.17054908886142,1.82278254530417,2.3322952622026
"87",1.87884745844219,1.94356636612231,1.97679723774502,1.86001955842876,1.92134367837923,2.02115943806255,1.95398577432152,1.9226420586523,2.06135525819739,1.92113555939827,1.8400677756989,1.84112836578112,1.90901167929141,1.96939950437303,1.99930627608859
"88",1.76421518245967,1.84450418452186,1.90951404102784,1.96320705642219,1.93077053094665,1.92650303132542,1.96184418192497,1.88479160816093,1.80645750380998,2.14232102255603,1.84179913960712,1.93379258734196,2.14900525650511,1.77326743316942,1.92788660608575
"89",1.82350311898374,1.90915270300201,1.89752304159989,1.96170718683904,1.97271648140902,1.93044008351874,1.85892875208991,1.93568655553731,1.98418135684495,2.07342361584926,1.92782063576531,1.8527523301225,2.00204296114915,1.81621227533481,2.12007221156678
"90",1.96467058968942,1.89297555370521,1.93363305118472,2.06867735724826,1.96339628583127,1.86035739001919,1.91477899389524,2.05819176166768,1.82964418677396,2.04590517052551,1.82702040049647,1.64790307921443,2.05062759881223,2.01780375547786,1.93985651725711
"91",1.82829625304236,1.89485282462276,1.92549655201877,1.90926283410297,1.94374130204608,1.86557640249906,1.87607806561782,1.80781084196405,1.88963278326458,2.08590023178864,2.12691060370287,1.91634520780151,1.8796648920994,2.07248222110467,1.86428116271346
"92",1.87531936627376,1.86046109284605,1.88171339277604,1.86034874929829,1.97142800933852,2.10511461116979,1.88107877085092,1.94975081291503,2.02519151701245,1.69017182625664,1.93852254415358,1.99977215330936,1.71699838693874,2.00439952307187,1.80547062066598
"93",1.99483080242501,1.94416954296851,1.90391994880757,1.88607955028634,1.92796136759029,1.85644332778275,1.863272482395,1.93484714529036,1.9276263041123,1.98467445257447,2.02785431485123,2.13424249956564,2.07339346011924,1.95564227797959,2.23058778900812
"94",1.88583287061664,1.88675216134222,1.88872757878138,1.88621575729192,1.89507692999856,2.01668344422382,1.79636218996961,1.67384180662586,1.83939145208265,1.85409808393628,1.96297723122863,2.16004533745089,1.90518659090442,2.00402822600771,1.93895808067248
"95",1.89738657413798,1.81644963543738,1.82939359635417,1.89254765914526,1.97027314931921,1.95062217463798,2.08629936031565,1.98472501197696,1.95051488382602,1.9212421380825,1.9141215795245,2.11773562321718,2.02952425534175,2.2644122013067,1.97357093131895
"96",1.92926352047646,1.84543733135115,1.91252594120266,2.00420323893092,1.87816450128387,1.9295606330817,1.953021281147,1.82396717362962,1.83325694195745,2.03628915685459,2.07674587947114,1.83540322798987,1.90288011358343,1.9158806754184,-0.0833176130540225
"97",1.85681134327251,1.89714297124428,2.01070647085669,1.94696118081054,2.07432193775799,1.95026849451178,1.9491074312594,1.85995156135802,1.96440967378807,2.10074163885892,1.96193556457238,1.76016085391401,1.92209281901941,1.82150474135066,1.77340205766628
"98",1.92496204236646,1.81031163627467,1.91123453888469,1.98523472360622,1.87449447262499,1.91018340077232,1.99752892774458,1.94229735393832,1.94557467575573,2.28281240051025,1.96631222023755,1.77061140816231,2.03156780289917,1.82883988776592,1.96543256813576
"99",1.84432957388961,1.98505503395439,1.90815324966402,1.95747471135834,1.95770975881239,2.01102054558563,1.96838568525935,1.91393395356165,1.92564757208709,1.9120657361439,2.15301914154707,2.24632695257385,1.9669019449444,1.76614963385922,1.58045407845872
"100",1.82683560809973,1.88061921384234,1.93097088113734,1.91621527686919,1.88444724781908,1.91885030848106,1.99239113196922,2.04908144051769,2.0002909895641,1.90953371988398,1.99523450605213,1.85803200454723,1.47926652273958,1.83741174976328,1.97819311894749
