"","V1","V2","V3","V4","V5","V6","V7","V8","V9","V10","V11","V12","V13","V14","V15","V16","V17","V18","V19","V20","V21","V22","V23","V24","V25","V26","V27","V28","V29","V30"
"1",1.8749559268955,1.79262499725192,1.95621137159537,1.76307720445637,1.85969473052827,1.81774656057809,1.7867881453355,1.69014721000056,1.90724670971496,2.06766948187077,1.67071211445883,1.90254749635355,1.71136533578638,0.960905499325217,1.73685885003051,2.11381814749077,2.02639941956182,2.19886774487246,2.00576973534424,2.14520807925105,2.08720931124587,2.18404805824406,2.22766819663578,2.20241101722936,2.50211823678987,2.07769746715823,2.7268894540783,2.59999281325554,1.91310803994225,2.5216922340324
"2",1.73038671708038,1.83535733174064,1.95576310598348,1.86670688881647,1.7766236371649,1.83685911466269,1.88783892277338,1.79589787051428,1.92395794764958,1.37170758060506,1.73566512072242,1.59175083913454,1.80006608187063,1.83157633938338,-1.80707395842273,1.96221907696193,2.07778584680266,2.22484214390778,2.11417466817468,2.11472769359139,2.11499469455115,2.14762022751883,2.11056759718019,2.42835901013735,1.96479122110997,2.28396069217236,2.11450398702129,2.26625986218024,2.46352556000339,2.10187667631768
"3",1.81503374477298,1.8864366512743,1.7864491838839,1.78281528990336,1.92862507970424,1.86631361984652,1.67923581484258,1.79221752463535,1.71772293081115,1.75468661937158,1.74526450117051,1.88176798320712,1.25340406120012,1.10571742379719,1.8373893271108,2.05992237096718,2.13008308529511,2.03989338014614,2.04577040417174,2.20272341670149,2.15275801178315,2.04621405264515,2.15643586191481,2.09081899547921,2.26600094442448,2.16703369133683,2.36522101264436,2.09985626809825,2.19551927853541,2.46185069184887
"4",1.90354137950995,1.85322845952754,1.95165558861354,1.79765885414759,1.8506358354224,1.78629136570004,1.7915557487733,1.87019994734149,1.71382443584838,1.38644079462252,1.78957251157466,1.99302305908809,1.22872062165661,-0.0616027544230733,1.81549347452256,2.14563628038729,2.09194512418175,2.19204036644285,2.04463409247453,2.12129913234445,2.08473954528491,2.11460800803465,2.17923830648218,2.02595601299755,1.95357854193043,2.34898000469386,2.34058242946327,2.30912139293932,2.35763729638127,2.1630959963325
"5",1.86446871968925,1.85977258185448,1.81052828126589,1.87002881294249,1.83997218339208,1.86444962119645,1.86923103826273,1.91588196755121,1.72217062745037,1.87296984528065,1.76903943080887,1.6857343796785,1.72521425321519,1.58211931044688,1.82710056717628,2.10045922267735,2.10392042338317,2.06027567920509,2.13307198745567,2.10549761936804,2.12706896748229,2.13420480530382,2.21822367667996,2.16917943714232,2.20293871330815,2.12372432317599,2.12511973890564,2.18651127313079,2.15392318556038,2.7637713175147
"6",1.89379096481809,1.81223793316635,1.96220908976082,1.79620835809839,1.85967859386462,1.85798011478551,1.86605163725643,1.9046757223569,1.79697177677259,1.60032785929362,1.73663208104801,1.6614656008042,1.6954909295288,1.61730543384373,1.64731958578741,2.1253668633342,2.05743296023623,2.22395036927785,2.06476475072703,2.12710828755746,2.12730592561746,2.20926472945361,2.22732544191014,2.29561486750449,2.07322134680236,2.09436814922794,2.07961476592561,2.64341868501759,2.23681649170931,2.12646762384194
"7",1.83103481950445,1.91180826743195,1.89010080283569,1.85450606546039,1.82187377038436,1.75370422389628,1.92562108097328,1.72456380270131,1.80617262129003,1.58440179087169,1.49608950136261,1.03077163365869,1.85828298346344,1.2781761390386,1.13203789995633,2.0704765459769,2.15830516396221,2.14304000355338,2.1198208713126,2.07520904380416,2.04881775815903,2.21265920664832,2.11557696292956,2.12899667486432,2.08985623413465,2.01758925094293,2.01140732384501,2.50426701039507,2.26175212556535,2.42502029448079
"8",1.82407822205602,1.86423359263999,1.86546184388623,1.67060411975271,1.78464709109503,1.85083041825181,1.82735405399031,1.85576646750233,1.8420439617508,1.71726361672662,1.77050804118856,1.48890541758217,1.9037627066971,1.25295507566362,1.65480259606099,2.06961090499995,2.10019345654417,2.11481859434829,1.92496968949688,2.08891492643176,2.17145737561895,2.20534987056469,2.26534816983515,2.30491636603848,2.04441820351805,2.15952261830086,2.01116923595926,2.2990325131092,2.07804091095078,2.83983523764047
"9",1.83181847152909,1.92369189675437,1.76138533348856,1.96031588614659,1.85158384629225,1.86940567611417,1.75685741232834,1.88666583094541,1.94873884813593,1.80219477211295,1.86303492400043,1.63407052226009,1.83460811703068,1.22331642745268,1.82957334979663,2.07460750257273,2.16745819617009,2.00351762804799,2.22734343131791,2.11480818911484,2.17168521001186,2.0574955597473,2.16315592952517,2.32921597189727,2.12776875940602,2.23345591939558,2.18736719861479,2.96067855967691,2.12595055199545,2.20752773642141
"10",1.84069761802512,1.83697895541461,1.90809670344994,1.74348017820456,1.79405782574507,1.76471468614475,1.94797801789025,1.95676383815111,1.65877056249162,1.76757195096715,1.78199506492515,1.91353906117443,1.44937903244796,1.88232005480393,1.48234042699362,2.07148887189407,2.08646877114182,2.15361545532768,1.99777131554459,2.04321642006542,2.05619237689312,2.24200652405139,2.26897894807579,2.03805577140971,2.18005085228953,2.12450886816717,2.44328046835414,2.17554585016316,2.39048068478808,1.98217151156474
"11",1.80813423316184,1.91752822297938,1.86348622483489,1.92381756947328,1.82107129972833,1.74213778963494,1.79427182352445,1.89159203356358,1.81541132258249,1.55526887769482,1.68249397482304,1.77856207598889,1.53380288915889,1.63715620928307,-2.72842315675035,2.04954626820021,2.15814512865371,2.11074128633511,2.17673030091424,2.10562055129798,2.0055163042822,2.07696167648112,2.18503710602959,2.12397030898012,2.13242530598556,2.23967415271039,2.17294230415057,1.98146393601846,2.34060141830795,2.2909027213476
"12",1.81655542214148,1.84112340551337,1.76087272409686,1.86428275465762,1.94807995994858,1.86733275245192,1.86931020899908,1.82228585883699,1.67787682436574,1.82693298623441,1.88237383869738,1.68614578391859,1.15940699743416,1.70973358163485,1.84285781880836,2.05826541219312,2.09241018876833,2.00565885123412,2.11166429434487,2.2204969140004,2.18061191567092,2.20166545878604,2.16224867233702,2.14422721365226,2.40586398548831,2.38432573369347,2.17966485628739,3.59175031903944,2.14276930075196,2.26560360046615
"13",1.76427205098559,1.80340841001255,1.84782770754101,1.79482978400052,1.88127487923056,1.64552142904309,1.72562538161493,1.86220316363716,1.56508692248339,1.91437078514883,1.75881929827242,1.61357777818206,1.69555827171953,1.42519812591786,1.6338455530561,1.99274305689345,2.03755952909006,2.10091402168329,2.05817114150844,2.1650280797784,1.93236138451756,2.02069263177974,2.15255597083093,2.18011082236998,2.38062547582116,2.19235278923106,2.24254785409043,2.87257885977256,2.09472457451437,2.31186738282801
"14",1.74645052934518,1.85500657302023,1.85105127566235,1.88790778073004,1.88188895412205,1.80141757633857,1.82860464672197,1.78575468558496,1.79747359959236,1.92320408706162,1.71383588076936,1.92067546055593,1.64023255080253,1.66612248372083,0.5534558387789,1.99184402590808,2.084974838493,2.10419620567141,2.13042637087512,2.15042981924376,2.11468219249703,2.13643906783726,2.13736461501929,2.26202866750701,2.38457571573689,2.1693475747764,2.31437674843006,2.17357138668258,2.22983482034086,2.19535671291558
"15",1.82309754640269,1.84779694942756,1.79393481554272,1.83553384863025,1.79104730784371,1.82714415178137,1.89731605388954,1.68783330517298,1.97306522159354,1.58079875356914,1.94058608611728,0.366417573893145,1.79010448610273,1.72059833330105,1.69679479931215,2.06153306392974,2.08827518444926,2.06120106044144,2.08846480595208,2.0366915321745,2.1244325306156,2.21159318665844,2.03666170907888,2.30394571487014,2.06199497100572,2.44015817122117,2.03439157063401,2.3645848883307,2.51760487667721,2.31754462458352
"16",1.83766872241352,1.80210662311675,1.8521609855473,1.82137911746839,1.82468794401183,1.74880487716407,1.67466885887513,1.88144196359254,1.85474142899665,1.74173604291492,1.83261419926934,1.60679483377467,1.99663750636744,1.47093384460459,1.72139991767196,2.09065972000489,2.03857655576333,2.10719632371957,2.08232442704552,2.0994494876081,2.06296311488326,1.96457809440311,2.23877719685565,2.21431730425051,2.18376366123883,2.33725271407345,2.07024016774478,2.62359913608598,2.26854455273325,2.19780934277945
"17",1.85584176517411,1.87224963911989,1.82787740499848,1.75144548653094,1.80147387528464,1.86276498517173,1.88329663717168,1.75424092915439,1.87477758579465,1.84542014700048,1.62337298400905,1.63326798193524,1.67579204159435,1.55560805258385,1.53655884923203,2.09159381518445,2.11622050196858,2.07295357863792,2.02646303536047,2.06705187696681,2.13704155797989,2.15969782479577,2.05778284753548,2.26123230454613,2.24300555981581,2.22333140028046,2.12594804199921,2.4286433672347,2.11621994430599,2.21926557287068
"18",1.85100888918517,1.78831238917342,1.90686345169241,1.87770871881442,1.84574823436674,1.81441878345356,1.78884285726456,1.73208450194057,1.69945873193614,1.87177431337707,0.618942625437579,1.56489504507481,1.86656506602013,1.64769999045838,1.62174633712392,2.09754828924347,2.03185770043312,2.15318449783738,2.12812171260997,2.1078155979616,2.10316317664953,2.11632137492608,2.10206600005965,2.05168594617843,2.169789071323,2.07318405476451,2.12158437270003,2.28958569181187,2.34045971970223,2.02735384521034
"19",1.86049014626789,1.79079829853845,1.7873728354641,1.81544814817497,1.84295823729141,1.85420104143178,1.87670144136575,1.80344688136396,1.8350741672267,1.76702537644041,1.64044905921314,1.88649824449611,1.92025891473562,1.46796332571339,1.09534158295948,2.10744421179333,2.03628281892044,2.05676411099792,2.06024770572414,2.11542245776641,2.15429561808866,2.19593426531209,2.13961253968998,2.18904028604372,2.12085637064824,2.004926905137,2.56345139886486,2.29958000144132,2.04995458431014,2.51445993707222
"20",1.8604941613776,1.79342632490562,1.84712076065493,1.81606349952218,1.82596970173798,1.75772306350236,1.91889622585338,1.89020704648653,1.93755530096493,1.75091655348363,1.62531123391872,1.66905027524735,1.62265886127983,1.61155797151939,0.978575847880291,2.08869952358669,2.04018108323465,2.09103815627534,2.07023163295386,2.10955956007219,2.07371845257265,2.21605189468086,2.20678090234469,2.29725617333022,2.10653422278253,2.16919288782521,2.13665437792322,2.08614317786781,2.45936750798041,2.36989142775495
"21",1.82912715734047,1.83748122131324,1.77946548594933,1.91283803632883,1.84873647920351,1.79192319086385,1.7673158493482,1.70821142849026,1.74811612746461,1.73666035111615,1.92255880951251,1.50762578028309,1.66485537148918,1.97597139402898,1.70812322679597,2.06306792490384,2.07792035741519,2.02498828215186,2.18339324254397,2.11392845128601,2.06012616202204,2.06024294823985,2.01938133302154,2.07242428858987,2.06283459235193,2.40844001026495,2.22478382932102,2.15261185216363,2.70374352160935,2.21744237418348
"22",2.04018125123198,1.82102628892586,1.78132934809759,1.88539808613621,1.89579943274468,1.89289836318186,1.92785833404157,1.88429898744604,1.79999255207238,1.84875599923847,1.69930165375386,1.82884191585686,1.80059417891444,1.75243579556432,2.02019015364129,2.2838764717844,2.06505814050658,2.02656632813178,2.14966403028366,2.18043338822937,2.18051755318099,2.23207820821718,2.2097663693525,2.11571997155533,2.20445040825512,2.08918626570266,2.29819069969237,2.31253755925636,2.37839414190522,4.05375414465146
"23",1.79358117320254,1.8432078941882,1.94634959583045,1.81418347929002,1.83435168078002,1.92797580745167,1.8104067555347,1.8844341642862,1.61019163182796,1.80062546163207,1.63925548426212,1.85822399597999,-0.669832790219993,1.91962943694616,1.83801715485813,2.03730767996929,2.09059983665382,2.19856465764297,2.07067651001605,2.12442748467207,2.22127836562261,2.13114723851194,2.22226390496618,2.03959372300282,2.17331669339074,2.17989837849506,2.70192542894832,2.46391336810651,2.35767920088082,2.39794288108257
"24",1.85559340804493,1.84668974364569,1.76967989654121,1.86003178678524,1.81019848449871,1.8755914554709,1.74070612437669,1.7374215289923,1.80540741183262,1.53916457921929,1.78581845775089,1.79981124907356,1.79938327939855,1.7928419480611,1.67770660575962,2.09240742121284,2.10091218238652,2.01955830736713,2.11192857874585,2.09809862184814,2.15242650289936,2.05842362740306,2.133105802168,2.09777460105012,2.085445542605,2.29100015970319,2.16337841091043,2.3940542434766,2.2655239123512,2.08890802043977
"25",1.8347031647816,1.82467598294055,1.83103753924716,1.85096244179538,1.87523795132598,1.92376345382086,1.85525591285555,1.77556772311234,1.83410466957445,1.69376136270635,1.73781209524515,2.02402216874304,1.51301536826169,0.987486955467392,1.68106778931565,2.07360003493417,2.06914589737597,2.07807157760221,2.13170161723783,2.1454721965855,2.20206804813431,2.22009040854465,2.11381482280677,2.15090101102086,2.1671981911191,2.30427821786061,2.49077528717144,2.37967335954992,1.89866742020933,2.18137760435259
"26",1.79560374833457,1.78022680898494,1.86031715348983,1.8362357800712,1.9134179664549,1.87793413970099,1.88951928908871,1.7484522540239,1.79913264914057,1.77430207446647,1.89562314633094,1.80577386645411,1.84778475860641,1.48808097052591,1.14325993283423,2.0343442520551,2.01481263680879,2.11763342387567,2.10217336280971,2.19083372885711,2.15101479094687,2.2173769125707,2.05746063580854,2.15144281180834,2.1439632032268,2.31653071690441,2.3511544885848,2.49214404169602,2.33794974689927,2.2140072824807
"27",1.79822183177903,1.94879195989323,1.83434448919255,1.96275617407727,1.86115277236603,1.8344767556633,1.91698154108004,1.79948425002264,1.84821401265642,1.94067532294501,1.82395269482659,1.94036722028308,1.59223327559311,1.58463773578513,1.32716035303191,2.04483416268175,2.19543054567595,2.07910685335074,2.2311832947872,2.12424525910094,2.14058404748606,2.23248893276027,2.11234693823499,2.1704668709157,2.32122483335351,2.23659594024473,2.88105537439038,2.20340629782199,2.40296929237525,2.57008099022382
"28",1.79965684749869,1.91903943050049,1.91524179581653,1.83909506102156,1.85079420271967,1.72069843064887,1.64247309034915,1.83674685778303,1.92403107422852,1.67029233748888,1.72574414825755,1.61477783819854,1.68079618859929,1.9241499925012,1.69439462586553,2.04017128273183,2.16335871668886,2.15986514162068,2.10823681809117,2.12337137621084,2.04590062136113,1.96625433477138,2.19815358516969,2.24927049810093,2.1405179003492,2.26566443211285,2.32665602429763,2.30308296996076,2.31377388039665,2.23060465471158
"29",1.79098375479003,1.83591491084351,1.83331901081873,1.96666974459085,1.87891101552986,1.67560380222906,1.94105418185995,1.73317548679339,1.83129227671734,1.62205606100819,1.97725079908854,1.8981843728741,1.70417601813985,1.58541954915524,1.53337449079459,2.02328799835761,2.08790440850334,2.07540024228583,2.23958342610701,2.1586475660141,2.01894073717415,2.2430273550884,2.08106744668424,2.30939757124701,2.06946274131264,2.34939087120433,2.3522827186618,2.22193398430879,2.25271346692645,2.1595224040136
"30",1.83578547648136,1.90244877081737,1.83039854413798,1.83738160552739,1.74561533559189,1.8499848936813,1.76144851759224,1.64942148426142,1.72295827377392,1.64126755749434,1.76994094314768,1.59135700127165,1.7526970996271,1.80722979092855,1.66146627458326,2.07520270727068,2.14470038528742,2.07297632104835,2.09760268986905,2.02315744526462,2.1136982071527,2.17032672095184,2.05909458616206,2.14359533561396,1.996250095971,2.17569074846212,2.24794722921384,2.12889103573711,2.40329475690479,2.38580025033074
"31",1.92108885818607,1.75672534290674,1.91750124106446,1.75025708111072,1.8814862840007,1.68364243858728,1.69644752606748,1.74976464703005,1.66725214156358,1.84379449328829,1.78770018774344,1.66155843065584,1.74244936518086,1.52165174836012,1.75998551640722,2.15474495055881,2.00531443886898,2.16545018253422,2.01506066957899,2.16823840669712,1.97773108611312,2.03363719894817,2.05597825241323,2.08404778747378,2.32650043781188,2.1231444288893,2.5749017131211,2.08704612380938,3.0488786713061,2.69206626518788
"32",1.80281149582213,1.8160723545425,1.84395976951839,1.82904254183327,1.83000821047907,1.88296764274744,1.81574570968529,1.75802169613426,1.81735039773176,1.7006402902459,2.04056168648493,1.83422619061064,1.82630113462854,1.68505301430499,1.72432099694876,2.03475019013965,2.06022807138531,2.09395194938624,2.07590655708876,2.07758774889227,2.1619223803185,2.11559127655422,2.17115242688168,2.14896323363157,2.08350721725589,2.65389436324786,2.30401522021186,2.19228334453096,2.16786298262677,2.34641631888726
"33",1.78798389944899,1.88550199878048,1.93075497368995,1.81563187182549,1.89303650538627,1.8520144038776,1.87999920646747,1.82408587243416,1.77308688547145,1.54810638306859,1.61313969834723,1.53493575433563,2.01760244269525,1.55747654042512,1.79757302398917,2.02928424343014,2.13324156215957,2.1954179180511,2.05500776577868,2.1605616221333,2.14490826391902,2.18282033028505,2.322211295095,2.09357927265623,2.08537276252496,2.01124971963999,2.12647234885407,2.43037335908296,2.3212733068741,2.2606743584374
"34",1.80506430715687,1.82757700247066,1.86715688951494,1.94706287861794,1.82321228907869,1.90170059895081,1.89734650672459,1.82554169981253,1.77396775165178,1.68524258907394,1.71803622472382,1.90495602561811,1.73700864076075,1.03028562638537,1.42479208643613,2.04259851272045,2.08021694323734,2.12000631455955,2.21853978184631,2.08753468343242,2.2200871714033,2.17719775690683,2.17350731001498,2.19654282405008,2.47614779797229,2.17180033934998,2.40114950590897,2.09138816509637,2.46352072001145,2.16796738677018
"35",1.79858015724554,1.96518191896063,1.82387728036682,1.86558615616951,1.8165786028482,1.86557633398193,1.7566049908426,1.89417535759346,1.85840634242996,1.59756064518956,1.72252684879234,1.61123191344306,1.85389879304189,1.84331073599901,1.50518004968894,2.04571326003164,2.22697186524144,2.08789316533612,2.12611014866843,2.07611281810065,2.14114998905671,2.05322936456544,2.20393599098261,2.20695980353262,2.18477747990129,2.25756073072695,2.12654229925745,2.46676986495225,2.50308556427393,2.24864576760864
"36",1.88982905673354,1.81828971589051,1.88784158963688,1.91453025819038,1.82968264013498,1.87666862578301,1.90797716907256,1.86367037448233,1.88788798488823,1.92661134730578,1.73321848718068,1.87058904381735,1.36462294935665,0.376884598107022,1.64850833952072,2.12338780174783,2.05438344442293,2.15542895761035,2.17585258550527,2.09825502564803,2.14520171947388,2.21199682068035,2.16312718324011,2.22688102656803,2.32115841752332,2.18813798141997,2.38926508476211,1.96519162799936,2.1999215407984,2.27414715379234
"37",1.86857681074082,1.89512138862434,1.87788702250169,1.90387503970222,1.90940226728861,1.90694711766399,1.77448918721648,1.63947652456995,1.79292618369405,1.66550069966716,1.65842398066045,1.91953658452827,1.508766705548,1.66962146027174,1.49823870732302,2.11169313321919,2.14065304847405,2.14296932186141,2.16411032471281,2.18503425328571,2.16116539743056,2.04032035673702,2.07481695100359,2.15498379886239,2.18299757760544,2.17639736955519,2.32032950668299,2.17721753148643,2.75902342929691,3.12034440724842
"38",1.76574798871106,1.85787784918039,1.76851501916009,1.92485191910034,1.88952070235453,1.77690846698546,1.72978873969517,1.76904893933839,1.73639927404765,1.51254367375403,1.76887327555171,1.81990871469667,1.78301280022452,1.72835880061745,1.85373161937089,2.00705427504057,2.10013254379858,2.02026541264919,2.17994617690172,2.18636815970819,2.12551045709445,2.11503081682183,2.14402075299405,2.13721573963317,2.06038886204937,2.17917957676559,2.50134840724,2.19469194427692,2.65126374739557,2.38481280064046
"39",1.83728799350608,1.84536768760586,1.81314797189576,1.92843299587285,1.81806960012422,1.84060496394017,1.78738644044239,1.93180696006124,1.77286215806551,1.76518350881848,1.72632039712274,1.77441983195201,1.66646849048768,1.94711667836963,1.7196798726131,2.08171334290287,2.09008848652038,2.04787380713373,2.19145146117314,2.08210471991255,2.11095679426376,2.06881633608641,2.23445194298613,2.12075040420928,2.13027368564201,2.21486395734783,2.33943861455368,2.09945456394612,2.42641529548251,2.39250682759613
"40",1.87166235283893,1.85100910279792,1.77757596616425,1.83031831883393,1.77117278848265,1.91611031428655,1.78026139164884,1.87507861922672,1.82013326937088,1.86701595247339,1.76040280142309,1.86786086585458,1.82495684989286,1.71644082600506,1.7517183185858,2.10369654374958,2.09580443370709,2.01933558474227,2.08084369376945,2.05330705116272,2.18452194978087,2.09014368721176,2.22740219546896,2.14167943137375,2.2154910691631,2.24162451020755,2.36318858866699,2.38957612591199,2.18900636281596,2.13849175402143
"41",1.83897349831322,1.97745904726429,1.80289867918555,1.9161576269453,1.84282059073914,1.91051529145631,1.81827305575202,1.81626073278788,1.71663565879171,1.73175776596001,1.85616697719669,1.5176798560185,1.38860460352326,1.44480742302292,1.41600337273859,2.08604305348993,2.2267741804641,2.05235606446312,2.18369073767708,2.11431951500615,2.24546143318238,2.11920705631532,2.1276533706418,2.13276897287078,2.06916604909738,2.20656156851773,2.0769744774129,2.06172202713364,2.15223527461301,2.05023721596183
"42",1.83296608495536,1.93868982029404,1.87530945147204,1.849889087508,1.84510944719252,1.83088750469059,1.69065080047719,1.71502351778406,1.76379910380979,1.98952647013164,1.7723739915923,1.67698337142421,1.65040453129279,1.72466127617316,1.58211874347912,2.07005091226585,2.18549610656402,2.13080715273116,2.08895251950248,2.10366471605566,2.11830958994016,2.04707909626476,2.0538937024228,2.09160655706248,2.79240496009839,2.15839795890699,2.05985941681481,2.30539435061479,2.21446410655073,2.10262150076489
"43",1.86948491104946,1.81952420301584,1.83871301203348,1.83807863922013,1.85519616330551,1.78735388124118,1.75995600788781,1.83396576266481,1.70499839111952,1.75972920714659,1.65750519216359,1.42087833466652,1.66465040203193,1.84581127224466,2.36547527234521,2.09936954345172,2.05784175808795,2.08815562546123,2.09166132846648,2.12198304510565,2.11051365892082,2.0346732562309,2.16927794958845,2.07774385615892,2.0935597496684,2.15279923262261,2.20081120084989,2.19181544534093,2.33202122992682,3.30684560968005
"44",1.823570149803,1.83604260658345,1.92525079219358,1.8980087360326,1.79891870174229,1.75015548690713,1.80729799637955,1.85861092336091,1.81692556490986,1.72016886796483,1.69393189711141,1.63617192787948,1.42805314624892,0.919931563360139,1.36676668980364,2.0611372009141,2.083697999275,2.17999924095677,2.15830839258171,2.05156890483334,2.06562358216338,2.10976009323012,2.15662295188956,2.1961417940106,2.24117477979399,2.02632771900124,2.31236704790202,2.36361492167292,2.04854761616326,1.97521009461716
"45",1.95128104781926,1.93016074115363,1.9275762874523,1.78897361780489,1.81036516138309,1.83235632576482,1.79392906336775,1.86832650643044,1.88778526189996,1.59618498657308,1.56103116735311,1.83639010990024,1.7763747659647,1.66062287210204,1.06412879191347,2.1926941380313,2.1796229431839,2.17812530902626,2.03131770879255,2.06628671975902,2.16073973638863,2.12109690482828,2.20433911550865,2.24572784316081,2.02134701557749,2.02430619770539,2.27101096794657,2.30412971774783,5.71125843393309,2.50285704657588
"46",1.7484426459856,1.87700374828353,1.86131383005564,1.96657329891046,1.73596127912309,1.79498142657997,1.89783371366592,1.74605238027599,1.62102711391039,1.77266173221594,1.72719034376914,0.00139415277706711,1.73748261666161,1.60720665113139,1.89983129575508,1.97358845671271,2.11176308218942,2.11523174591331,2.2412563230345,2.0107575976712,2.05469447802333,2.23095397286093,2.2893720012891,2.01598438159005,2.18160025687506,2.46273904933653,2.02344725144254,2.17224462289531,2.41453594455292,2.71653156035652
"47",1.855161608344,1.84121598631456,1.920411302405,1.91949924667999,1.88543536197126,1.74807706548375,1.82087895910303,1.78340788260331,2.07151612736829,1.76452578381881,1.71314698332028,1.79739759520213,1.75353788763374,1.91857655103769,1.38171652123078,2.08501563036202,2.08957335325375,2.17686113739953,2.17460295677534,2.17566508416594,2.0540904013277,2.10847503628043,2.08969878704348,2.46840551904527,2.18847966753406,2.13008628916548,2.26232634164885,2.11674148007402,2.47823530065203,2.44635626745221
"48",1.80284009865171,1.85528116327804,1.85907944612097,1.8432534504311,1.91592339045993,1.90283027245983,1.8165700797306,1.83676617034552,1.7553133395294,1.79943362549345,1.76108683351196,1.82739146172015,1.77432143960385,1.52996257643709,1.99675057352394,2.04421335785727,2.09914400521257,2.09560603092425,2.08998320458989,2.17711370841814,2.1668420515973,2.12307376286884,2.15887014249561,2.24442064622818,2.20988649833958,2.18656285400022,2.35245843256303,2.28463680575561,2.34055718019655,3.55427219930443
"49",1.90835477533208,1.80224158720944,1.977155886373,1.97437522136999,1.85920610395507,1.90163025067633,1.68565011936401,1.74766876715777,1.92896837276566,1.77542508592004,1.62884313778512,1.78526501179782,0.699456106216553,1.6889640304081,1.70549603568883,2.14842335020838,2.04240982807192,2.23995534986182,2.23192290969993,2.12917565874494,2.20132402433067,1.97535789628091,2.05403351634811,2.25356206919593,2.1479786045113,2.1369555476739,2.21632498897693,2.07981838808521,2.12877202235503,2.1881983409823
"50",1.77722481434147,1.80778825524048,1.83721828212849,1.83346644147465,1.88351188762388,1.73233070945159,1.85347553504834,1.88271074326258,1.83471773699898,1.84865094631452,1.67387130776425,1.77554980331386,1.3723988325827,1.46528219898757,1.43633383145466,2.00984108156285,2.04801914621666,2.07658353554021,2.09529624152196,2.17503734468784,2.06300775190946,2.15198247422098,2.21381631179766,2.21878512955989,2.28177502484542,2.24882283131545,2.35871964358868,2.21084737738623,6.94117350433024,3.55840608703369
"51",1.84989836551797,1.80346909903034,1.8255178386783,1.8242350356693,1.79748406074031,1.92831684230489,1.84781120936411,1.80041616123851,1.72243227893506,1.85219724722372,1.77981909523625,1.56659062536251,1.64332189505582,1.13109249460185,1.67829093955611,2.0897578376871,2.04355292451301,2.07993672825596,2.07322181060984,2.03858408600243,2.21016780437709,2.13936710404954,2.10857716435519,2.3146701980769,2.21812462767129,2.29453152259919,2.00774116199749,2.1686747946327,2.3721588410851,2.32989822063359
"52",1.82080780044284,1.84803598445049,1.86778283611181,1.86834752763725,1.90096448587046,1.9256375892024,1.74014523792443,1.62070694388429,1.89164400764247,1.83580173936206,1.94522703676163,1.51891669989204,1.76837677824499,1.65023684933136,1.74836844620745,2.07017345985795,2.08068255722635,2.13261234286703,2.14229072186133,2.18586530920547,2.2403747838565,2.01051086939185,2.0244568023642,2.28556613266365,2.33477437835784,2.28128189216528,2.52475278796679,2.34307379466236,2.38059107071417,2.43133677822958
"53",1.82353212189792,1.85049988707328,1.84540644766346,1.81643798207637,1.90072020906645,1.9165624364071,1.64612353503783,1.76483511833152,1.96959052262219,1.63722403792048,1.90011548929554,1.70019271814522,1.69812756353679,1.77104496504062,1.59484141180709,2.07406530068571,2.09996698089461,2.08703830726453,2.06379778893377,2.16502888146085,2.22504214819906,1.97938939413734,2.08756706721976,2.299442968651,2.07302866780352,2.48651781231246,2.58572009391294,2.22251437722992,2.22004509345364,2.36132703635319
"54",1.88333554046524,1.82387889770552,1.89788212024154,1.86412448743249,1.84510354461059,1.9824169114194,1.97037257327449,1.76758947076656,1.82046091332009,1.78157288437408,1.79511303426384,1.96460126332538,1.69092283730943,1.54116749948761,1.34508149224006,2.11727827831878,2.06472264162713,2.14695374458392,2.11354139264088,2.09489513467942,2.28159408622922,2.27752125830682,2.16278858813057,2.225605893101,2.15517153239211,2.19536006019773,2.4563432874554,2.12007585840051,2.37480342064095,2.24879089508535
"55",1.87589710551304,1.83630048382615,1.87625650264314,1.87396221234165,1.78374798072422,1.85009277366176,1.77824624143915,1.74503445329097,1.79473151849661,1.60543354180187,1.85342455924643,1.44923728032135,1.85372540567387,1.68577336084275,1.32843368977305,2.12185275047187,2.0786276942514,2.13501402442597,2.13226000293967,2.071853648679,2.10770202981527,2.07479455817502,2.16312139410933,2.14322471039093,2.13470556546805,2.23240567667362,2.13731563104281,2.40048840143031,2.19804892274066,2.01889862585136
"56",1.91145179008858,1.85339654686595,1.86110751551509,1.7704552784542,1.82566394060006,1.83390072852732,1.79459831986271,1.83530308456265,1.79979939750492,1.69910267925594,1.23829650652511,1.63837355829135,1.78539346580204,1.7433795307349,1.98854301564917,2.15065167108128,2.11197582717126,2.11348573248563,2.01973145998764,2.09216344861053,2.11302024913272,2.10824164847945,2.15769098377301,2.22525056861424,2.21243089778569,2.03192345169187,2.30817215326011,2.29776050524954,2.59921142030039,2.56815924252856
"57",1.92389318459044,1.8136031882029,1.80007452292871,1.94363749656753,1.8506481526271,1.76703404551947,1.82541704857689,1.64244675839027,1.8613940418264,1.70813782496305,1.8741982240947,1.68645475243362,1.8451521124204,1.99502375668206,1.63908453286493,2.15789331434149,2.05808011100239,2.05753753991702,2.20134533822134,2.10923044466672,2.05355861318583,2.16830336107013,1.97566789823777,2.25862644518726,2.20562483670179,2.18278714256051,2.3085634792723,2.30515213414121,2.58872469429857,2.36030921823184
"58",1.85971234402303,1.94440746257347,1.86015868840241,1.72736013965137,1.83903883777746,1.74419390680131,1.89206501209788,1.83651910043765,1.84842678277236,1.87808700214541,1.56698729739111,1.71295832897267,2.04513332095056,1.80592301083954,1.75777218286913,2.0886278238485,2.17755351094697,2.11903481260567,1.98444335647744,2.09458639463916,2.03441600928517,2.20498856430493,2.15010858789888,2.21950988028478,2.30474629547641,1.97526624521538,2.40155958853728,2.77537753709303,2.40781509329301,2.21615774181141
"59",1.88745867466269,1.87354608000363,1.87835331368296,1.89961972633084,1.79083760069432,1.84874245471652,1.76884826145342,1.83279121176881,1.70848442357094,1.62437503829942,1.70422320084545,1.80905651857565,1.41627742930494,1.37808012781914,1.60608562805415,2.13350911642441,2.11600973579889,2.12854786183016,2.15157797209465,2.09335246681439,2.14352531208191,2.09560263217706,2.16918672774639,2.07896998055315,2.07968228367532,2.26797023865003,2.37915691216927,2.15020964267535,2.4467048018669,2.11886129913239
"60",1.78449182933381,1.77302116919912,1.80065084946726,1.8260385349552,1.77557709033158,1.90250734833854,1.8176981171304,1.84764423754865,1.79542503588628,1.88547675739337,1.59647749738488,1.72739151082323,1.60009328822353,1.82750221010828,1.11348951545624,2.01742051948468,2.01030873520487,2.03685382269352,2.07899695556994,2.03455634513676,2.22073783478272,2.11472232953462,2.18261798880037,2.144076496999,2.40892850727886,2.11045850299541,2.15746923769981,2.0237815344083,2.94863755398764,2.06929860372676
"61",1.79532719611978,1.7464377597802,1.89401717182683,1.84903053332653,1.79998302614765,1.85353855737752,1.98773628499952,1.7554627702995,1.92791122574147,1.92516011529011,1.78967913578835,0.893255412487711,1.81499609457879,1.1826981353649,1.29579490771913,2.0365215188979,2.00055966368338,2.14410360510816,2.10877487510779,2.06332985519634,2.1501555052195,2.27762144554927,2.05979153371062,2.2514250238946,2.39855214339011,2.2449977673996,2.0970800063774,2.53150205014194,2.29026391994937,2.04450546578152
"62",1.81547122041007,1.88039947256374,1.80887506093223,1.85618980254166,1.92647750469158,1.87977734759788,1.92402805968218,1.87066864787741,1.72502388905184,1.83053607517531,1.89292351898495,1.77400084588128,1.53644083981587,1.7933775916889,1.22444401733418,2.06182328720076,2.12638443622572,2.04570395942,2.13476551003374,2.18093711857654,2.16627221670593,2.21717512424552,2.20634191501728,2.19492151365947,2.17722627511444,2.37874483909578,2.44524422166363,2.24854661307946,2.41749730186322,2.22871646245901
"63",1.89521130893738,1.75990328640055,1.9062451146366,1.89398300523478,1.76642787679448,1.80569593693731,1.85671475789925,1.77473224706441,1.8687435893003,1.858592139745,1.86381956310511,1.70703850465449,1.97215047274909,1.47901627624292,1.57401490626602,2.13998770782456,2.00359876776664,2.1434084742646,2.1520686117913,2.07265283557603,2.10223803067742,2.13091363508838,2.07538233624217,2.39088911835051,2.18004885614926,2.28747156129249,2.2445343776928,2.95719369721354,2.73443794594323,2.19786669336556
"64",1.85192776314357,1.78143699421436,1.96407384423369,1.847647755395,1.86095883882395,1.86842244798467,1.70121752093064,1.70070054005387,1.82800208352214,1.9562678325707,1.97034418515666,1.47808185757319,1.60298534028324,1.40221168384487,1.91117965951879,2.0848354767901,2.02745547043031,2.20182857330526,2.11853005583591,2.12524174082941,2.15757992478796,2.07070576099644,2.03899260899997,2.25988481461409,2.28562130299516,2.44268414860848,2.23858887638439,2.10386819584368,2.10534643468909,2.4767767351366
"65",1.89847325707145,1.84770394222899,1.80603716918341,1.85590790534316,1.94485172329743,1.90688395323407,1.82005559685494,1.76649342186903,1.70283087200022,1.75642816148207,1.57742009316212,1.79629319921726,1.69008185629333,1.12923135775835,1.8771423418648,2.14600100361149,2.10071242602848,2.04651889658867,2.13823762664575,2.22505843872764,2.2105901218606,2.12057775084402,2.07789500317216,2.0614378936131,2.12362037901429,2.02968985419073,2.09394189693939,2.16762401466358,2.28288382177151,2.39571740800665
"66",1.88458225038674,1.76924534897427,1.81533161499514,1.76286029860343,1.75880913462838,1.78238990837891,1.77344307013919,1.81192884553264,1.87562009219875,1.47835120768447,1.69641392837351,1.6218492335351,1.55176147019642,1.59934787897282,1.28625617905766,2.12354828590393,1.99550699201443,2.06906420510775,2.03962744405158,2.05995099299468,2.14052471842291,2.04458789131037,2.23191349032486,2.27597313785592,2.04156321859027,2.10623431417299,2.04283835114764,2.15527667895969,2.29824926619428,2.10964401627508
"67",1.79594813120359,1.74261997088339,1.85636782052297,1.83616902432813,1.91197247025302,1.93601314874537,1.95288972370911,1.82779781893343,1.79105698905903,1.65983347756257,1.75339366287761,1.75657773316423,1.37318286638286,1.59357023854923,0.760673643655054,2.02948285581295,1.98242121352798,2.10691100381573,2.15315672823373,2.18936160305958,2.24854952977302,2.27497082578442,2.15788167261778,2.17287342518985,2.02612293092339,2.20020550202564,2.30303877434445,2.04537631684286,2.40672386465153,2.12527971504232
"68",1.78729096439335,1.79368702201109,1.90116191630537,1.90353779657691,1.82628692651424,1.79747050187793,1.8612630339408,1.87813527707222,1.85070296840588,1.73042903995595,1.75065571272142,1.75995151829406,1.83280441611974,1.27331315323101,1.72551207946785,2.018981377497,2.03910166252355,2.17166349154706,2.16755418886564,2.08244312561258,2.0677266202903,2.15509533339377,2.25327052017415,2.5123485700433,2.11274424056511,2.27181688662743,2.23814724403322,2.63186798656091,2.35575214379881,3.3874664691089
"69",1.83003433087264,1.88063055282036,1.85876562082204,1.82994372324368,1.97720981308279,1.78798990983872,1.75440353332553,1.74435164079852,1.85117305535848,1.85671876332412,1.84489180071819,1.91284501483421,1.87542546391578,1.80409158473721,1.75390518460718,2.0748741932402,2.12896890175603,2.12161994649132,2.08421623882054,2.25404508093968,2.08845876701234,2.09548015235678,2.17165312807379,2.25756878570072,2.2170266946804,2.39084932810125,2.44608249894085,2.64969472475989,2.57564434994128,2.25895483631522
"70",1.84614003966541,1.75765353857832,1.81310105078082,1.88709850860268,1.85733361102515,1.77557309331453,1.80244724647891,1.83154915175292,1.86873856433177,1.66020550468497,1.58708999877975,1.76598056747569,1.34855922168973,1.76342268957428,1.64812310896043,2.08517315745404,2.00083611000278,2.04849680925073,2.17201804123276,2.14251781227911,2.06485381252035,2.1158221848381,2.1871012777132,2.28049949837067,2.02276558434521,2.16451176457964,2.14393331376476,2.21267306604031,2.13127245561727,2.21039229348105
"71",1.86997928997223,1.81265121713845,1.83786071429852,1.91558522408335,1.80221104809684,1.8719597495394,1.66181309681411,1.79621921303148,1.6763226228018,1.83674963525707,1.70761568562613,1.85618895412299,1.87640378765568,1.73953216601247,1.35847284202012,2.10217701771813,2.04501590996094,2.0870228526351,2.16025343532636,2.07405705561414,2.1972491296988,2.03016822077194,2.1311504401559,2.06499552180611,2.30767696734415,2.16630587092958,2.27934956045634,2.85943960339779,2.27828667440296,2.43198067716716
"72",1.87004261016686,1.90965201996515,1.82644533573121,1.83398017290757,1.86005081145716,1.74941083178794,1.88435544093986,1.91264722276313,1.7324384723722,1.71572439496737,1.53779254847287,1.6755194374198,1.47966063663013,1.61286121415715,1.68378309852476,2.10680037977996,2.15043692923318,2.07027006655454,2.095434653367,2.14305627705814,2.02747541054201,2.18308924214869,2.27385189104586,2.08474781806245,2.05091102245424,2.00671680879553,2.19158867715689,2.508905308797,2.1153797374941,2.41944930706764
"73",1.7544672524212,1.81352290029121,1.90203023524366,1.87879702675797,1.86708093205074,1.95424936789761,1.84454350140794,1.73256068464029,1.79713331177999,1.79620904246919,1.81462290119168,1.85273159788813,1.79358181832701,1.7792594140489,1.28893783948619,1.9893416982173,2.04914670838809,2.15017970761671,2.13573628006086,2.11981214058205,2.23063555455748,2.12252364277068,2.02977782419565,2.09182176653542,2.15893424500368,2.45452085691744,2.32408827505625,2.16298925365766,2.18669910372752,2.25202072553252
"74",1.88563878133925,1.74812832677094,1.77929830198579,1.87753454914965,1.78958926779587,1.78540419861172,1.91435200847857,1.64231063755724,1.80402443728335,1.88899925889653,1.97281801908913,1.54379111392026,1.85488844911336,1.53422466236548,1.534534880519,2.13329624693564,1.98811934618102,2.01817556448385,2.14060942576056,2.05734392450652,2.1033459936624,2.22934940571973,2.02429801067381,2.10504145069221,2.35320836551222,2.36678279732225,2.05686996227855,2.54552523682631,2.20135865361837,2.20121555945878
"75",1.84126130632315,1.77314006100962,1.80735727105234,1.82146462285735,1.81537637318604,1.76248916473372,1.92127200607256,1.77817146861497,1.67186978795091,1.8299103442963,1.83785664328835,1.72357486165302,1.70080669782569,1.68392414299461,1.83250223619081,2.07448212271184,2.00687012496019,2.0322529129808,2.09696654006705,2.09033041469084,2.04062056827267,2.20934624743825,2.12375594406621,2.08100779021439,2.84919170575182,2.22778622535625,2.0481766665588,2.41662147666232,2.20479640875897,2.30861395459305
"76",1.83395122000024,1.76956133034815,1.96371392261812,1.94330665210404,1.82071450206475,1.85779259457852,1.80745111867375,1.77940394310994,1.73023174444511,1.78108329383302,1.7870122965196,1.89532623808031,1.65715565053657,1.36209025089891,1.89230782897872,2.07144818280252,1.99827645406984,2.21549112047889,2.2162524325094,2.10448490908091,2.16810784949241,2.11683124770996,2.13492509408422,2.09902681987742,2.16628546978301,2.14824120213983,2.4192471690359,2.2399580647796,1.99141463768571,2.76996683734059
"77",1.74408412909864,1.80643643952645,1.832237172097,1.78611388544855,1.80945085230098,1.81262925369868,1.86540855020511,1.82234798764295,1.72470238423945,1.91536488995353,1.85105225295494,1.46884407326645,0.615483228033477,0.653250683644415,1.24529934044064,1.97602152428294,2.05290110077558,2.07375333115052,2.03300965690508,2.08418076987542,2.08037855678658,2.13836657715776,2.13614810208112,2.05177824693834,2.47099013932126,2.19963302385951,2.23380730182935,2.03073299001726,2.66617670214666,2.35276564821016
"78",1.79367005970198,1.88677425580612,1.94783747723511,1.76145790691413,1.8709360289834,1.78940113881446,1.82866096349732,1.84803230105383,1.68454538970497,1.6630027712553,1.88136674222035,1.41322201089771,1.61323946934675,1.70067848834076,1.73225297180101,2.03548749627274,2.14330628369819,2.20999552180402,2.01909508723037,2.15144779856196,2.06634452143042,2.12402678764748,2.20430222671417,2.07981981987682,2.06417353023112,2.32815395408382,2.00673273027995,2.17538949179732,2.14980497265071,2.75758108237893
"79",1.78497112773754,1.91013438054146,1.8423239329679,1.85657051525989,1.8820209940976,1.85880500848298,1.80832947452293,1.90956475471405,1.95046804007089,1.88864808303696,1.84501583589686,1.80995088670494,1.88585596800728,1.59452201636257,1.70019221112063,2.01493066649741,2.1546045192733,2.10919240556091,2.11356184899774,2.15026492258247,2.1524357961489,2.11585173449145,2.42030075020598,2.99896612574633,2.40501718015662,2.26174148035649,2.32625774755926,2.35748908968348,2.44630404243525,2.70145623449139
"80",1.79820983094773,1.82630731973318,1.76661098548016,1.85375945808164,1.78157994021523,1.88710103716638,1.84621534079436,1.87607752350835,1.92439302490552,1.87026236171585,1.75102894913398,1.76763001634456,1.03820468376522,1.79026706994819,1.85452624791789,2.04052710180273,2.06208415175065,2.01379352374962,2.11252425648166,2.11891650855774,2.15414371954125,2.13208252225156,2.21240295151708,2.23635884569555,2.22652947838929,2.1977670498228,2.30054220400257,2.21478242842922,2.21860683199975,2.74713829600661
"81",1.77794921876334,1.84929741699891,1.81705288934254,1.89722106319612,1.77823000825349,1.88440515372803,1.64966512960223,1.73680576546749,1.85523461073505,1.60021885238877,1.68266955043337,1.70232490601177,1.61077482230202,1.45545899182484,1.86512345166132,2.01002397404121,2.09821270243215,2.07229475484863,2.15597026200744,2.03156949218954,2.18362460293893,1.97645734578993,2.09404659087445,2.17421525167721,1.99937472832477,2.05880912235527,2.13235477521113,2.14499464251028,2.21351677175843,2.17763733582098
"82",1.73681530001281,1.89126520892064,1.87223631468159,1.90392364482138,1.718947575948,1.85259579188879,1.7171503191459,1.87757166521288,1.8509641241606,1.84458758751412,2.03307937022459,1.64706463254755,1.68268187662841,1.69578618157887,1.71914664264133,1.98451772489584,2.13083193407181,2.12995327745455,2.15169004196132,2.02981375005353,2.12342237886283,2.053716625129,2.2260217723843,2.19535995367703,2.2029845726974,2.53109409152364,2.18676571132502,2.27349890967834,2.16548035893583,2.28520065363684
"83",1.85478838715325,1.78479823610628,1.85262687360289,1.89488908054349,1.79424612651148,1.79727063205186,1.82595449543991,1.89146159208878,1.91091920222085,1.61098506034351,1.98060933643235,1.66711082705647,1.81522689956882,1.59327373917786,1.55606301157719,2.10282501019655,2.02202869847336,2.09806849518091,2.14166248668917,2.05919399817937,2.35957583427418,2.11679857922025,2.20890355150065,2.30099564317396,2.15307601060231,2.41326400336841,2.25139987794336,2.52346293359441,2.19822293169034,5.82568090325093
"84",1.80000722753179,1.89309528696966,1.8646754181026,1.92658835059371,1.90753726779435,1.80284566938882,1.83685609891598,1.76694053462172,1.69418331814922,1.66335482489371,1.80672891878662,1.719533790691,1.66220501936309,1.79325705913378,1.92837693514108,2.04079758422299,2.13749043403881,2.10555736275929,2.18653486649862,2.17796250664896,2.13197576248677,2.13282836941742,2.11511341893845,2.15024922517156,2.17581153102165,2.3013238082673,2.17669314338126,2.40916202098117,2.72380438547148,2.92145792361997
"85",1.91812712493032,1.89920296383864,1.74845078118511,1.84433290118571,1.83790783109769,1.91533992754403,1.76990091307395,1.8531890918345,1.77448108533819,1.9409627339887,1.88355260027959,1.81498506889913,1.62477149871583,1.7776356822916,0.335433879766975,2.16788091487416,2.1455079384532,1.9934984678979,2.11501483051962,2.16026013043354,2.18769051896841,2.07154737534021,2.24784523936074,2.1092288762758,2.33028365440358,2.24737153194755,2.31424286602851,2.14777204125656,2.31599779944436,2.1555541724318
"86",1.77763190854848,1.77719266067158,1.87441010841158,1.90290815086919,1.95328629230091,1.89656829171216,1.80880597270011,1.8695554594701,1.78662779878615,1.50086483845687,1.77729413812582,1.85497329025484,1.56237099489307,1.66742739397041,1.94168022690956,2.00674912947985,2.01768201911815,2.12834493630424,2.1463685785829,2.23396882096143,2.19387561529238,2.10336533831135,2.20306465460782,2.17829721734868,2.10557781893122,2.54604619747896,2.43347423958359,2.06571927823041,2.14864858649762,2.85116119468774
"87",1.74874566399438,1.70061006294433,1.92398178810246,1.90407223491109,1.84008839685441,1.85227830531302,1.90092576876616,1.78932364626136,1.72948065523609,1.69896703839118,1.92312374582836,1.54973752569774,1.60072727197843,1.42975458423606,1.29146926908178,1.9863782438912,1.95635248964363,2.1935619043964,2.16878648113815,2.11794747192626,2.13738209407925,2.2328949756081,2.14976792647033,2.29156671835421,2.06592110311458,2.40101311289918,2.13237077908397,2.27170627408195,2.36228390429586,2.3724125186857
"88",1.80958538037945,1.83996898152547,1.86985230127721,1.89374860338449,1.87371331478748,1.84779589257053,1.85111407874633,1.87083729041879,1.89516129425863,1.78905971446769,1.74326206696073,1.76967355744307,1.67447161704813,1.2860312732139,1.57943226291919,2.04850639451998,2.0863239381258,2.13287726121361,2.15805719635892,2.15080923975014,2.1309160412684,2.26617562380691,2.15454334420294,2.26526902249668,2.33434100671125,2.15460749135452,2.3089553907986,2.30396643102347,2.02421475201359,2.15971196366997
"89",1.81659333305566,1.81919376104421,1.84722229749418,1.82020579662092,1.83439061901257,1.84304660451975,1.82355463667627,1.81984328015263,1.60503902344068,1.84803647558318,1.85380168650872,1.71230626427698,1.56652025862871,1.43878691861644,1.59891199216922,2.05353203638064,2.05444364986865,2.09895590934365,2.06840981813095,2.15584112684957,2.13440094325575,2.18527486074843,2.14321131422671,1.95877378025599,2.29774415712469,2.25132001302384,2.26004757497881,2.12041630719232,2.08265736335814,2.59752937334593
"90",1.80059900679397,1.78433151319088,1.81386706793963,1.76086918490253,1.94980532499164,1.83039129662149,1.80175779451191,1.81788381206381,1.84390456995711,1.52046197938559,1.73749718637454,1.52442037412573,1.72474351845122,1.610701715137,1.81795443590884,2.03378096253545,2.04871929313374,2.05651792270977,2.01604136901863,2.20931037202102,2.10932099763466,2.10278146337099,2.15746792794579,2.21384172057347,1.94529890452253,2.17670519549276,2.34471973413643,3.7957209526686,2.49781484578501,2.69421364870001
"91",1.89186115401332,1.82899812418322,1.92409638122245,1.85905697059027,1.77072524719995,1.89340536774077,1.72501347792149,1.89139947229872,1.66338016652639,1.89391687211937,1.85464115003786,1.77029843891656,0.485693917268343,1.66818516224176,1.78894138030741,2.14467126800368,2.0765424784469,2.17940233670631,2.1080059741385,2.04543515441402,2.20015751592492,2.05186189319234,2.22918009838248,2.18283522913104,2.27508066468229,2.42368927138153,2.26083796679048,2.1518780286599,2.2063350277668,2.39231795083034
"92",1.83383623459772,1.81083752771988,1.91793184280175,1.90556850415,1.78825839425238,1.95998782499816,1.73500317785011,1.82278715339665,1.80159339535817,1.66777382590724,1.38008913592393,1.76754102584026,1.54100455609343,1.82089612993254,1.44708124788632,2.07911261664783,2.04101795200837,2.17548899184851,2.15229679172404,2.0703389802931,2.26655410572229,2.03949725383453,2.19031356782918,2.20929190673069,2.09239770528528,2.02826746989676,2.15269767890089,1.99317585491268,2.50243121560222,2.0452333765856
"93",1.89392646157095,1.81523541174782,1.78585483042552,1.84714028044754,1.86228334920171,1.83237604141315,1.84436324926688,1.80854594179081,1.9019653264516,1.56677491222724,1.87501700779841,1.61273235538257,1.78911846846117,1.70045187778241,-0.0150440388465731,2.14115277332711,2.05646241673259,2.03552933732441,2.11196529898375,2.15346206124333,2.14090457729682,2.17562475360557,2.12073317542754,2.27280844469954,2.17111172114203,2.37558513214981,2.31341362398963,2.40172121110351,2.09350694915472,2.35349174253307
"94",1.87187020696563,1.84102490750583,1.8273799556455,1.85867278148438,1.86438381041548,1.82348404083052,1.98142934792721,1.70122525047541,1.73052749155692,1.5589842108691,1.2396872571029,1.88437134176788,1.85918165056446,1.75434140770289,-0.229637284504814,2.12133615027928,2.08115132041976,2.08343704369633,2.10592798538523,2.12850643391693,2.11448832120134,2.28037119076907,2.04768431564675,2.07349185063321,2.09764887396527,1.93873068359352,2.6373664979245,2.35294635115479,2.21991653791456,2.30921905169663
"95",1.8826096679071,1.87639356788684,1.89714711593278,1.81998495490949,1.76938853538478,1.84821980448953,1.69637627819567,1.89814012295812,1.95203215977635,1.60337614749693,1.62322902594024,1.84871150504574,1.60372242497129,1.69000888288442,1.57437316398038,2.12732910421902,2.12869504629264,2.14646869889522,2.06291489832435,2.02609744366522,2.12671887173905,2.00496172333832,2.20920111756178,2.54421184956957,2.15064006740896,2.0333741622727,2.44428024955374,2.05667550594074,2.26700004346278,2.12818076628453
"96",1.87214695809613,1.8027945494662,1.8747751806914,1.88168559648853,1.87689236553161,1.82514470406029,1.74109575343844,1.77344457183365,1.76370928216756,1.9788108985094,1.62131586074763,1.95295885477507,1.67056341342547,0.203721792806642,1.70515253307263,2.1076131046928,2.05045239449153,2.11901540964343,2.13093438862773,2.13970915719127,2.15714648266599,2.06074623323724,2.11691886694969,2.17897008415213,2.44951184645895,2.06701919979596,2.38851316885193,2.49182786398504,2.37618738046753,2.44807821452173
"97",1.83014493620406,1.82307237012426,1.8477856115308,1.77199006120012,1.80571273098264,1.87233587364909,1.84386261160874,1.92746022627318,1.82569640948389,1.75974792924667,1.80453070067818,1.86448066253662,1.73433238370525,2.0627582767734,1.23318626882832,2.05885913430031,2.07197677773868,2.10483742337897,2.04463804358041,2.07152797535183,2.13959309136426,2.1483273591188,2.30660549691185,2.14343422249661,2.18140766741605,2.1861162254633,2.43853147106945,2.38908511119486,2.74166713989398,2.10159565189888
"98",1.89833925980535,1.83856287167989,1.8375602693669,1.81433218450045,1.78907060853357,1.77254028848538,1.83793790359762,1.88669412692251,1.8498057358837,1.68307439640341,1.77924395309442,1.67087217508151,1.70333330401007,1.66965070854604,1.1322088999724,2.13952305671082,2.07149219899641,2.07224947021398,2.08619465378137,2.06471597998523,2.0704057534583,2.13477919103362,2.25848476658592,2.16845439172342,2.02386235917639,2.90804046707744,2.17625250188131,2.15912991919956,2.17944828928999,2.59836931784827
"99",1.80026378148143,1.89906051194081,1.84510768285661,1.86061898762519,1.85040805710566,1.85021021209528,1.86289489698531,1.73727993269625,1.74747526825073,1.51166678191018,1.69185084448948,1.77105531671828,1.79409968928621,1.5750152221909,1.66314826118937,2.03044267242052,2.14584800555171,2.10745139695491,2.13353044278213,2.11768427326225,2.12926051796977,2.2313371839472,2.05421934296807,2.12061507832443,1.98411311833261,2.27383349062791,2.14043655205088,2.37884547066314,2.15523497046474,2.06620834115663
"100",1.85441040126587,1.8520241559729,1.8119008447779,1.74690573286479,1.76150679881955,1.82274683731696,1.79877922568713,1.85287564395412,1.89175765147556,1.95152807020327,1.7105586989442,1.51298757733584,1.80401470635332,1.59737878956742,1.58926879922597,2.09145401773867,2.09765984586874,2.06864888439682,2.0116059740107,2.03851138853871,2.12505067533644,2.14488011114141,2.15196861497262,2.19001124919314,2.45464317644692,2.1424609681384,2.05666548238201,2.30166629050247,2.42205450768334,2.08160892946368
