"","V1","V2","V3","V4","V5","V6","V7","V8","V9","V10","V11","V12","V13","V14","V15"
"1",1.87014927273122,1.85248156772448,2.03363325452578,1.87476987686759,1.91991653667249,1.95711625136197,1.98938585163609,1.9508174686124,1.92640323357052,2.06725898384178,2.12170655993627,2.05175707917308,2.29989690656763,1.82399725311017,2.18326126937458
"2",1.96244773627074,1.82768087307003,1.89923803750313,1.93111790365983,1.97176979799386,2.0541928807704,1.96155413805972,1.91586947400514,1.99638867896937,1.90988450937873,2.09114562683016,2.10310790658819,1.80236801473166,1.94810294414532,2.12714953017313
"3",1.89929145132478,1.85432626173792,2.01020450536794,1.86829360609857,2.04660650538064,1.96107216320119,1.94613462892848,1.84496625508787,1.99885874772321,1.772328911545,2.14015016889631,1.95520127200396,1.82290828952568,1.80609384641147,2.05291365532433
"4",1.90235930169993,2.01946285251243,1.98137060097731,1.89614826451562,2.06223847279966,1.99267914824357,2.02111967062449,1.91488153265612,1.67449677126964,1.96756690074187,1.8590778735118,2.12737935218056,2.03570055471698,2.77098561121612,1.85020885862043
"5",1.89533224106072,1.87824812851357,1.88509715264211,1.82989177131794,1.94088140734709,1.96264232867872,2.01194969003666,1.98416847717983,1.90995488979158,1.89249292739584,1.84659001334972,2.03141745769384,1.69006332329849,1.89574484216893,2.32014326702227
"6",1.91580004806339,1.83824335124223,1.93099847089274,1.99329862521215,2.03171065192627,2.06735975468205,1.93760055908592,1.94711573058915,2.20789016059811,2.00371877083813,2.10635075415511,2.01942577212851,2.03781143526267,2.36382555462749,2.1787622211212
"7",1.92949740586027,1.87120105496221,1.95438999405431,1.92003625130987,1.90133103178043,1.86382321816061,1.914637721988,1.91291058195634,1.94469774255915,2.09054502384973,1.79186778612676,1.6901625770678,1.81464378024852,2.15996993881243,2.24399135419963
"8",1.91454156470284,1.99286377440956,1.93578282921216,1.9325519366973,1.92290384724574,1.99126540221875,2.02879791435919,1.91043764622832,2.01674400724608,1.8106456996298,2.00660517791912,2.28970491312226,2.60215379147872,2.02040813599265,1.73312435798068
"9",1.90668490931053,1.92676577844046,1.91415256273475,1.95303308942599,1.80199433666388,1.94934729413772,1.93033606315958,1.98067081027897,1.91275499606202,1.94530099524015,1.95932024717337,1.67010467547175,2.15229204045199,2.06395855023892,1.85940039662856
"10",1.96410431625217,1.8809954557647,1.94395177229865,1.90889036433229,1.91513279857529,1.97810986320007,1.86313221011976,1.8066637373046,1.99637594076996,1.88632720293753,2.1189453592354,1.9370907324729,2.13922461461199,1.88676564490206,1.81799440896239
"11",1.88212408888429,1.8846996847464,1.82770307851332,1.88939967244552,1.85377800219647,1.89128972363009,2.04481376188867,1.90655412295028,1.88272792324229,1.99548610536645,1.90981012101978,2.03147938217081,1.87969174229247,1.48313851723725,2.09758676194705
"12",1.9810425723619,1.88053730857731,1.93017196304419,1.85864598135853,1.92833405704974,1.99278252970794,2.04108122255484,1.87888779482173,2.01371151406555,1.89701527779871,2.01522873963414,2.03306642790816,2.5874006357567,2.23508470389054,2.26590941311231
"13",1.82600954456274,1.91438905919204,2.02802363717653,1.80785660707781,1.92007525149377,2.00309561702874,1.90404910250435,1.9123155547989,2.04460042924021,1.93793491320066,1.77786898212248,1.86632646597431,1.82523092421107,2.1313155962988,2.15152005187054
"14",1.95508296230808,1.87945277000881,1.90443334701236,1.94503644082958,2.00589547275615,1.91771151496357,1.83303584866567,1.87159587960322,2.03337066399447,2.15684844555592,1.81528032203639,1.54160038996355,1.81203223788208,2.16885646552745,1.90228121586522
"15",1.88060307995458,1.88137234289803,1.90993425513651,1.91463348386651,1.9401482772045,1.84345098744967,1.92629550229028,1.92102186748304,1.90817446324003,2.00242454247337,1.86267294639651,1.91607284249287,1.96538985534993,2.32921053036656,1.99722962012308
"16",1.93320456170339,2.01223080731272,2.0211271289795,1.84941021736238,1.93042631851582,1.99156470879789,1.89035281045051,1.85579051932329,1.84692121176627,1.92784390208854,2.0090551986252,1.94906881765966,1.94320484489951,2.06211467615423,2.41745740074835
"17",1.89284145470863,1.77593087420368,2.00245351656534,1.97114067985491,2.024714707916,2.04747267761172,1.94087406346789,1.9725378460674,1.86092311066416,2.06642917740703,1.92923547086564,1.98977425595722,1.8706285621371,1.44279435710514,1.76978415432963
"18",1.88974208742814,1.9164506759748,1.83435789951146,1.9042999437342,1.92428324463257,2.00158444109704,1.9683021858316,1.88630644041131,1.94850077479359,2.16730889824888,1.81427526235556,1.88337929724635,1.93100680793228,2.27283414456299,2.46981234904993
"19",1.87130355688109,1.9836026160097,1.94746705708782,1.96828965313734,1.97289145306724,1.83693771351562,2.13654374308538,1.99992574206903,1.88682421581701,2.0311117060928,2.32575627880043,1.6143725045692,1.71236751631309,1.90772297014923,1.94684805706007
"20",1.84995485141629,1.941712848421,1.89437623551254,1.99717717467108,1.95423794422674,1.96026540141065,1.9971668016763,2.01494698384244,2.09234851949583,1.97039578452137,1.9047173301565,1.91170240278545,1.8661249710143,2.14678642056926,2.16853880790101
"21",1.95635690033787,1.95112799234704,1.88372843565275,1.90374210052247,1.96763267221513,1.8698609025747,1.95273131137514,1.88194481159141,1.97118067002025,1.9631669722656,2.01357765233434,2.14407673714254,2.01642976537736,1.95886540284588,2.06935751700887
"22",1.85706361299348,1.90103662756796,2.02606201528325,1.98065779597494,1.81405638103361,2.01564180111078,1.99912935019588,1.9108134340709,1.99409306567839,1.89507561442803,1.95672301883153,1.94613262064094,2.07460465426279,2.12700663865265,2.33258893740345
"23",1.92940628311789,2.06976187146969,2.00025440018445,1.94958937856894,1.92924119690697,2.09645098505336,1.9227734182052,2.06950096060869,1.83127774467124,1.87106204911113,2.02804837012904,2.01644449094117,1.82236079435888,1.92099804575635,1.96220041051999
"24",1.83145350876827,1.92821851125971,1.9006857965298,1.99385935587615,1.9087143757475,1.98322602063902,2.01151876904851,2.02905166281898,1.9340132456896,2.03129091234748,1.9015835371054,1.83436851615412,2.23615238623134,2.22134917110135,2.50775869199684
"25",1.86270012764078,1.91032591392741,1.89431389077616,1.83668152003088,1.86666921714668,1.83876409952232,2.040701015593,2.05163533372103,1.94673016112589,1.94571220125054,1.97307413643903,2.08122698801328,2.07536103856245,1.86016402121219,1.45544953423135
"26",1.93804341785849,1.857882334721,1.93950186067621,1.92187201925226,2.08628573853554,1.90230953845196,1.93929356438799,2.03379760281466,1.93580673618079,1.90107151332592,1.91169290930672,2.11724559697177,2.00189250788073,1.800329017684,1.86155616024059
"27",1.85884664497457,1.90205631738261,1.92995895039625,1.93790528321247,1.92066471025852,1.82139989319991,1.95118907222761,1.97240460112202,1.91053674674485,1.89176327168628,1.90306288426066,1.95559710360055,2.03484798029658,2.15313849961035,1.68935056402868
"28",1.89636418931135,1.92481236440318,1.83277720089666,1.94809569635658,1.89570085082997,1.89847569187844,1.9697528120967,1.98747345410157,2.0068092600126,1.87613089192692,1.9929268414739,2.00434957440776,1.97903005631383,1.88641881611208,1.62888924584583
"29",1.86613009794586,1.97406136093763,1.90152839413384,1.83989453624797,2.06153494448125,1.93480189604455,1.97989282102177,1.90581247152052,2.05006974862378,1.93358885160721,2.15055190451764,1.85454683344473,2.12997327205896,2.19300807566348,1.48567066636008
"30",1.82619466842148,1.92051632802739,1.93945293187729,1.94845720482437,1.89181309847148,2.01093095703596,1.96538807113793,1.97382222984227,2.05920025328778,1.93954804942805,1.89762469030383,2.08369387988008,1.93816610103511,1.70208001028657,2.22122062435354
"31",1.96703826259573,1.98226117474483,1.94060082994375,1.868376977679,1.97344877908635,2.00013923146544,2.04580387906952,1.99148508403821,1.86481683887658,2.08548255752235,1.9934093697446,1.89832825269515,2.04211774391731,1.86381086407199,1.90641551127136
"32",1.84760729679636,1.90936889111084,1.93420079174549,1.95692144183184,1.85406451643903,2.01427401246274,1.9632907968518,1.924242051776,1.88261267365235,1.84295890825935,2.00987268452521,1.57951394944208,1.8414682792581,1.85932899321231,1.63189806490319
"33",1.91146539063419,1.95617695644407,1.8797367127392,2.17188065507891,1.8732582802531,1.89346484084475,2.06662463476564,1.94760026077224,1.97040153720613,2.04611300953358,1.93011219967491,1.85739704897265,1.96270414526822,1.94671412328126,2.19042841207012
"34",1.92800543852197,1.92997563265939,1.95470279627602,1.88772347983054,1.98766956109372,1.99654987363094,1.93995079448942,1.96073045027989,1.9657165735228,1.8574714702466,1.98183182769101,1.70031936110442,1.87663363025901,1.6585167755149,2.19106512988819
"35",1.93916301734965,1.96380773957606,1.97672657145731,1.89447094691412,1.96442057021769,1.94323131453486,1.96947097063979,1.9365481728598,1.84933615405852,1.8738599046113,1.90123328217446,1.85975096069878,1.99460618679838,2.40574869985357,1.64421877775817
"36",1.95919430578853,1.92164248442614,1.83935441955266,2.05084342110756,1.98557148569524,1.97674859870355,1.97366862080895,1.85290546464296,1.96194877182348,1.97941723361198,1.87590921331033,1.88381911961663,2.02292233646377,1.61841249338365,1.86580226867661
"37",1.86644849802587,1.96533713022518,1.88704495929829,1.92972712282954,1.92519735028624,2.09547832352189,2.04877011470202,1.92192573554063,1.90448184275744,1.94910805364544,2.03708063043215,2.00861169994834,2.04486640439543,2.13085398928126,1.77974354338629
"38",1.92410187993739,1.94203238139216,1.99395566004012,2.00956770722412,1.94389078054048,1.88617392667854,1.92284390386405,1.89883397779405,1.99603805511851,1.81668300511303,1.82483281312174,2.25524168614382,2.16616433856498,2.21697884950253,1.86771032245266
"39",1.85402014058405,1.92622300927607,1.97768224799936,1.8857830971467,2.00226842834917,1.9622294413739,2.01894733751265,1.87473630542818,1.96040159301434,2.4450770830193,1.89919194837891,1.9109484177504,1.94660151240226,1.98770553132115,2.3521509394166
"40",1.9272442069699,1.90366753826755,1.95408867232557,1.91543815421317,1.8962973924493,1.92864342930567,2.12606754900492,1.89979801272292,1.93647812999943,2.01134616267415,1.92950087972199,2.07258044483212,1.87380161049192,1.67781852495561,2.03792336499186
"41",1.89280410997448,1.86213358489067,1.94762081185632,1.97694905034535,2.02083895563146,1.96782963373975,1.95171780048883,1.93605195609217,1.92986129058647,2.05605097157522,1.97973913055121,2.08392448829321,2.08192712494734,1.99234279185661,2.12045842410521
"42",1.87931235542118,1.87116046528167,1.91905139481103,1.93505455256606,2.06156749018479,1.98834545201472,1.91387576579392,1.98386469223199,2.00641801219425,1.97850464105759,1.91501168074759,1.89748433968264,2.26838015776767,1.83187671065999,2.43273218817949
"43",1.92065827040118,1.88065086681164,1.90886364494797,1.89593561655906,1.98367023067683,1.9747052108644,1.89198652220076,1.89061388755612,1.92337488735549,2.072274741264,1.99918714977693,2.05443461099823,1.97528283526907,2.30776819573668,2.27301272086973
"44",1.89031237156385,1.89186633830023,1.90931300301935,2.00040478298938,1.95621768054276,1.98887190054677,1.94185413168827,1.82536366607065,2.09582257549809,2.03774511050489,1.9339302852446,1.87379005783072,1.92537814345252,2.0302465665841,2.34188867752279
"45",1.86042478347211,1.89104297573611,2.00556974642028,1.9618434188598,1.9320982536645,1.83958347181897,2.11160297223671,1.93649972612837,2.03888877381465,1.72564449699649,2.13439199876413,1.72381774907475,2.13953566409881,2.17809522618409,2.52286824775279
"46",1.92958045196003,1.91681274523252,1.9388521627672,1.93600740806423,1.9581387342474,2.03034286660119,1.87801307712931,2.03000206987462,2.04170028494933,1.92097307659469,2.10319037642545,1.76599298568705,1.90140004689439,1.74797084888981,2.15497155279187
"47",1.90492969903168,1.94796954826899,1.91870984075604,1.97311127181673,1.84237537667719,2.027970063908,1.87352639339595,1.97919824048472,1.89766607864847,2.05325574075105,1.98079295455682,1.73697782206725,2.07780978568641,2.03288374410041,2.07362357847094
"48",1.96616812256875,1.86773999137428,1.92025189009785,1.90975534295396,1.93792789166734,1.9791085876952,1.90762985255423,1.89232137362575,2.05658370549345,1.99217136323623,1.94556686310126,1.82918155509277,1.91403124103152,1.75413268318717,2.17396434448994
"49",1.90101937358154,1.94528402395408,1.93275301368028,2.03515859641633,2.0156120910171,2.1139803482913,1.98160453960304,1.94952464444318,1.83900739217816,2.01458136542367,2.2081074875129,0.0693470413347837,1.89483890321868,1.81557925820599,2.26864830722146
"50",1.96337531449111,1.91097706712049,1.88135087960363,1.94323340326595,1.91921745126004,1.9380471891854,1.86570467111444,1.9732723994153,1.9638236115517,1.8614063119124,2.13272752355602,2.28163117637237,1.89850824018673,2.03313374006079,2.41735879118026
"51",1.82197402264147,1.87317863864381,1.90372458653494,1.88226338424527,1.97790849904056,2.00356572663038,2.02221866689768,2.02379560052466,1.89737127279143,2.01398958815928,1.98931565203794,2.01952752696811,2.10585620212441,1.67873553888072,1.76087178396864
"52",1.96738178075242,1.88126965150382,1.93772537360797,1.92820786600213,2.01660569880494,1.99935968911417,2.0406912963804,2.07811087538526,1.99442654778218,1.87865522057455,1.94434303834122,2.08936210114898,1.99104069709103,2.07938243517087,1.99994304212591
"53",1.83397158613306,1.92314400293156,1.89601449824496,1.88839747263185,1.89637812036582,2.03975349759076,2.08902007941638,1.93134742399863,1.93632223803166,1.91085711088172,1.82553506902606,1.76819817578144,1.96512748702942,1.71403508925365,1.98267555192472
"54",1.90694698598771,1.94116287312964,1.97160797792537,1.93757437030036,1.96148116268676,2.00518330409357,2.00458187659719,2.03142824801879,1.93898735913504,1.95536301809536,2.22839106569139,1.93716715825768,2.08372646505798,1.99408115107117,2.11089999317516
"55",1.89260291895894,1.86443448159493,1.98659258406158,1.86841114478752,1.90133286456579,1.92793973719679,2.09343517169148,1.9785339989923,1.90806585154261,1.93946714535941,1.79911828983693,1.99693406799973,1.81896259980582,1.99224977705958,2.14366345589611
"56",1.93009760813521,1.94809500434029,1.91821234811105,1.95900143129946,1.97335434442083,1.90522502678784,2.0916730923885,1.96996464284887,1.98618761343146,1.98529022172896,2.12518075189276,2.17569592215143,2.1132428917448,1.85709960717451,1.91258455201124
"57",1.91253445681743,1.9272690133932,1.85804300168163,1.92932862252404,1.8888166117378,1.92312549327792,1.93634117700998,2.01299267436756,2.00851225128597,1.88297288640515,2.0225777260354,1.89249382454254,2.02051946481439,1.8133848537878,2.00504605588189
"58",1.99131888942223,1.82326340174572,1.93720674432942,2.14698091091928,1.93236244383598,1.89214958248146,1.98369159557701,2.05576247010993,2.14351304030135,1.82654995159729,1.99844602983173,2.05916832325914,1.88090721910495,1.87024392371217,1.69814498977533
"59",1.87554676641613,1.9430399562816,1.91966825686052,2.02164673713181,1.9803829805337,1.92471089013281,2.02387023160813,1.85206912230071,2.02641063747392,1.83156477811861,1.961144520804,1.97140017093602,2.17104656414096,2.0027093367227,2.04475676984362
"60",1.88368957570419,1.90543445334239,1.92085682404587,1.86213172686533,2.00113736889409,1.90151284624532,1.93099096292508,1.8752126068702,1.9340556329626,1.89191678237048,2.16063901023579,2.08059508144801,1.96937428193584,1.83502463169779,2.02222620404929
"61",1.90109492731957,2.02316788102797,1.93471886473129,1.89741401241784,1.97485762090015,1.92947016588206,2.04154188230981,1.67585675629456,1.99745345231596,2.11630241327634,1.75758453171151,2.00816652168777,1.91598374001376,1.98328933643362,1.54606449986609
"62",1.86070420720616,1.9380121377814,1.92397789329086,1.8904361216415,1.99938236722782,1.78709206064907,1.76264055291267,2.03108155764934,2.10240443404917,2.07752571876482,1.77056774417225,1.90323626364977,1.95533553844347,1.95353910288239,2.1887193371723
"63",1.90353385442366,1.86190241458062,1.93429420156086,1.96888540890176,2.00828268191046,1.94439596447252,2.01750798617953,1.86220148191652,2.05186313181451,1.93256065305885,2.05663157090375,2.11500085320022,1.97032529636729,2.73788419614032,1.21894653864287
"64",1.86646091309884,1.93634518806245,1.96725406306969,1.85387400580197,1.97737019013677,1.98671283600612,1.85821123613212,1.89788445798217,2.00082735284147,2.02078639337686,2.10911458390429,1.82176624759386,1.94719671486117,1.94859247943077,2.10162554959453
"65",1.82901012748457,1.87184533646919,1.94729554155275,1.93775649385844,2.01931665772394,1.92027988572374,1.99937696110153,1.89707611348924,1.97252693508863,1.78373580894378,1.95574398299343,1.83767448218771,2.17115910749688,1.72519278715599,1.44249584841507
"66",1.85381391766042,1.83758896343561,1.85137345072977,1.94198153255516,1.92799468999136,2.08368295626117,1.98034594962286,2.01611872202754,2.06321810727347,2.17518956172234,1.83790028832885,2.06120189309799,1.94350470697396,1.86116347943186,2.25650829564059
"67",1.87147746331755,1.87028016977743,1.85950759578765,1.99181911320663,1.9167345323671,1.8559067003372,1.99242671666008,1.882336889752,2.01881562975525,2.02568547076267,2.22036232163207,1.87179394872954,2.1230590366419,2.07454390399002,1.79567068383927
"68",1.9960081220342,1.918603797633,1.88316976495194,1.92514835522006,1.9625985143141,1.93408071607888,2.01231096826131,2.02778273036092,2.08509224950885,1.9774709735913,2.13269325124409,1.78492734465654,2.07367501138121,2.23242884728885,1.95815578558246
"69",1.87923320970817,1.9946196544177,1.83194887067296,1.90424510807791,1.93868012202666,2.04274442111609,2.06066624166435,2.02017706076697,1.78893709805814,1.90743798117433,2.00209958654004,2.14094911873238,1.81856357850884,1.67573301110827,1.92900651443221
"70",1.85602258620904,1.86874644592546,1.88510177647489,1.97627367657791,1.96141140573628,1.94158233531288,1.85406998325264,2.01317795170063,1.92017706370295,2.03462910413775,2.04091675752975,2.0337394563054,1.55356646606527,2.06102030675018,1.96258631898277
"71",1.88363693885581,1.92724408375895,2.01222692503705,1.92163684062299,2.00858452885426,1.94850862766805,1.99127428864687,2.00594779898263,2.00396158344849,2.06201014381625,1.91913655212303,2.00134358254519,1.97445619008311,1.85754453372576,2.33223503927221
"72",1.85174549611771,1.9485227132422,1.93701722888641,1.9678582321634,1.89653218065424,1.89994280937383,1.90412008733625,1.89784025847175,1.87766389658991,1.90116353610153,2.00550711156229,1.71892687269971,2.26019786919138,1.81227648599959,3.05779579694434
"73",1.88272088810637,1.95287877331362,1.89212362778394,1.9303848118164,1.94001366777038,2.00341242965353,1.7728028254758,2.07219356126824,1.98937348183057,1.81910510565115,2.01086574057694,2.0438224462781,2.04427467430421,1.95786263971031,2.01434312247029
"74",1.85829733397997,1.86732954583454,1.95222380128908,1.99374635690722,1.95246650604737,2.01164846820153,1.8445439976301,1.91635398202461,1.99459269142393,2.11990612324179,1.99139362582009,1.76243310179446,2.21779089625741,2.03526703332568,1.74056711219376
"75",1.85963965622368,1.86047313574882,2.0301482001068,2.03371793098079,1.87655871216197,1.8973955711037,1.98494690287347,1.95507658965705,2.16341890055073,2.18054967862894,2.01039304361852,1.89885274533366,1.93634042528421,2.87467628448349,2.13202250475335
"76",1.88690614834066,1.98206599384637,1.83620540225397,1.88295016282413,2.01855085223682,1.95973879269504,2.03247176447808,1.88624752888715,1.94355087551807,1.85250853613006,1.94698685938684,2.06540199106558,2.06350537499717,2.14412061452727,1.75121791917721
"77",2.03649430215482,2.05521169379939,2.04783963720994,1.94236492167125,1.91507162264207,1.9453799341269,1.9110694523938,1.84113584363159,1.82711341443868,1.90217904564286,1.9863817172924,1.98973367068324,1.95782277810327,1.63037235998602,2.25549488715584
"78",1.82453961747395,1.95454389371381,1.82848721294207,1.8763040308043,1.83484264268099,1.91367912469102,2.03947214301946,1.99786612416728,1.88214911073104,1.96930406691071,1.77139664491804,1.88548596419852,1.95417984131583,2.06984464040421,1.70538803065336
"79",1.85855227834082,1.84109771377091,1.94493017321888,1.96915263880623,1.93630045346441,1.91300701846104,2.0532063801151,1.99950007796019,2.14462898650124,1.89752528573533,1.88530058287107,1.87951449601652,1.89819043643143,2.1453385526235,1.46718310359
"80",1.87229163647757,1.93389337519071,1.92748543820879,1.97551435045077,1.97660476826094,1.88598326496671,2.06608222933887,1.94217692457841,1.94336143124669,2.0029484600817,1.95658963820432,1.88838680333633,1.84960015720651,2.06809765993537,2.15561765458674
"81",1.94271144742662,1.99957581919142,1.94770246895873,1.9324146364707,1.92701704105039,1.97055680561111,1.98105883910251,1.97475867416162,1.91654178415313,2.10602162261118,1.85008636796554,2.21308699215089,1.67733229254235,1.54931362553803,2.19625163386871
"82",1.92506973800837,1.98168423593649,1.92193584058054,1.95511871818254,1.93680828119957,1.90342850702098,1.87758030591525,1.91389574372604,1.93409992105729,1.85533815678356,1.82790604894463,1.95587444100797,2.25839508026087,1.74644835528681,1.65583973635366
"83",1.84208171311895,1.95571330536215,1.90126160128711,2.01391557071631,1.95799457096918,1.98290919474612,2.0006205957191,1.96875604284173,2.00514851250028,2.32782651239724,1.95482092810513,2.01641265892544,3.04620035300111,1.80884565116196,2.2717791299158
"84",1.81115804739499,1.99444583535214,1.84533412429062,1.95496358222512,1.95134603437565,1.88666650628436,2.0196804765926,1.98368502843327,1.95822333186278,1.7099152623669,2.15665115803902,1.86251184901222,2.05378568201708,2.31598756337437,1.61856574292457
"85",1.84144700987975,1.95399030775066,1.86080505738928,2.03696626109098,1.97112806430895,1.95636418994438,1.96041305880971,2.00053898860311,2.05233519745955,1.97206875648302,1.92409151617506,2.07979262989766,2.00119542052469,1.91715178803398,2.02740915566557
"86",1.92496428122467,1.92391324698473,1.91997634573649,1.84751807328192,1.92670190806298,1.97923621774767,1.86898005496212,1.99718092299889,2.04278821044422,2.02671187486461,1.95676179006564,2.1433113228043,1.5988404168517,1.88677170541692,1.92943004193769
"87",1.93947318632187,1.91087739857913,1.93761736589775,1.94758497633616,1.99490291087743,1.8657115543313,1.98159990996901,2.0397409795571,1.85695490641017,1.75743914645983,1.86720626710955,2.08905165106126,2.08165198151492,2.29659787792407,1.77222542707165
"88",1.95910640502336,1.91423528988261,1.94090542245766,1.97766432125928,1.98144675426863,1.92373158732529,1.976237458314,2.01834211578413,1.83322583928744,2.0400978224368,1.75284628984014,1.67478277463803,1.89236174883127,2.11050835662792,2.14077501443336
"89",1.90389585039148,1.90554475320796,1.99940224337485,1.92376112056555,1.97679266256762,1.97252545730399,1.91115366591997,1.94378193011316,1.97821952166698,1.7954106342344,1.99601894787143,2.02559765906982,1.48192845481331,2.30283858947451,1.84562050760612
"90",1.95405748466852,1.95736746609682,1.87408286920946,1.86318291480234,1.82174300009354,1.93254694187616,1.86189520945914,1.88716376650515,1.98438907824314,1.94181740653112,1.87585886782196,1.72928514915605,1.99653974552719,1.98135358440358,3.77828708285403
"91",1.85513796431172,1.8550006451056,1.86821272110417,1.91561787727662,2.0327250067367,1.89287684438042,2.0193689840036,2.00972091643718,1.95801702001605,1.85030497252075,2.03888465099192,2.00754861028835,2.15620478895079,1.89259412492964,1.63871385785484
"92",1.94830370557304,1.9652521689513,1.95571664460454,1.86904753631323,1.85245499145506,1.98016365326724,1.91872908563117,1.80357386736916,2.03382546875701,1.82197119404083,1.85135056505669,1.63564886091832,1.77704579745402,2.13710474222469,2.26747627098569
"93",1.91252664956208,1.84597964061302,1.93382470096708,1.89378786279549,1.93203179634032,1.94475880365766,2.02621509989635,1.86435719131042,1.97083152381372,1.97201927045898,1.86099357324726,1.80355397318439,2.45904740359602,1.85246293101139,1.96852918725
"94",1.87482002860689,1.89123399164823,1.96714383457756,2.01195080947721,1.90795757513672,1.85045335003071,2.02061068630258,1.9906352006567,1.93615908802361,1.92996606480295,1.93534417518731,1.85590472068276,1.06461968040969,2.01632314806889,2.29272233196043
"95",1.88432864469903,1.90555911071284,1.9062812419266,2.08066437483298,1.87624017413055,1.95149567015652,1.89992729769996,1.91937398752353,1.83601116856127,1.79435852156648,2.22135726669233,1.91810465823535,1.85897567148162,2.14457732872702,1.10190060123537
"96",1.88515738191384,1.99648612715017,1.92601817912361,1.92613125524334,1.91932410418692,1.91015644503315,1.89482163075103,1.97770222043747,1.93066250227142,1.94996102714785,2.00742543407563,1.77863193594193,2.0637952334557,2.16312227301113,2.15416239091737
"97",1.84804682907147,1.99999333168398,1.95693236721966,1.94413176837136,1.9295327906302,1.91577392232425,1.88317453759185,1.96356910147438,2.00864060347559,1.91069270684733,1.84910915202762,1.92790463380913,1.76549459146319,2.00000026079678,1.88702152576288
"98",1.89866015733311,1.92403416154423,2.00380776787081,1.85599741595413,1.8810992430484,1.97321160870407,1.98872296709435,2.04540083853046,2.01394877822958,1.9108996068674,1.73118451532026,2.09617384180631,1.79626736903021,2.12625736064914,2.02874465024603
"99",1.92027516479635,1.83944937212132,1.9002945458275,1.90663926561171,2.0784993225572,1.93249660818489,1.94913266522828,2.03314240487298,2.08608287350613,1.88057219188994,2.04127637744399,1.93257250754394,1.98242524788756,1.89324108607821,1.29405397472139
"100",1.88098140020755,1.88886428585806,1.89254855430502,1.90392395607315,1.98583447207503,1.94092334218907,1.95983162762983,2.00678734695128,2.00583929938086,1.96929349701645,1.92211199233529,1.57005125105741,1.93746614247597,2.19270715935764,1.8421922414427
