"","V1","V2","V3","V4","V5","V6","V7","V8","V9","V10","V11","V12","V13","V14","V15","V16","V17","V18","V19","V20","V21","V22","V23","V24","V25","V26","V27","V28","V29","V30"
"1",1.74813146993535,1.71444731612521,1.89251278557635,1.7403803901316,1.78164292376728,1.81081723681572,1.8314695757508,1.76589759066687,1.74248756825234,1.86012768071849,1.87619572631473,1.76101825459371,1.76465063023677,1.57169724764093,1.87705380640077,1.99216707552709,1.99051581932375,2.17475372347521,2.00915936360358,2.0581901495777,2.10341526590822,2.14730212752138,2.13573734655793,2.11031889888871,2.27439028696507,2.3672173935578,2.34249590375244,2.8351431828985,2.07629725857942,2.48946873234839
"2",1.83082447663711,1.70307915067057,1.77068987347305,1.79367873337185,1.83620503688298,1.89277031693186,1.80626326742615,1.76435274902546,1.81836787159151,1.70382298380979,1.77541818152907,1.79443475430034,1.38214387334385,1.66895476744242,1.73062149343572,2.09407099590437,1.95228259546949,2.0277862015332,2.06855707394781,2.10733455910475,2.21561544460894,2.11684500869329,2.06738619898481,2.17440948634724,2.11594603494766,2.40687307213126,2.41178105887605,2.22259215611946,2.22725112084821,2.52367756691055
"3",1.76724495670177,1.72257566244514,1.88119705273465,1.73944605597677,1.9094593700907,1.80196087552448,1.77380328804232,1.66728641682056,1.82377623533808,1.49369135157492,1.8576153513332,1.69356161837306,1.48309120646753,1.56957990873463,1.79463207350893,2.03133794594778,1.98607686103069,2.13921195800123,1.99714115622036,2.18375364067058,2.1201834508779,2.11846596981465,2.02264609335519,2.17394126010834,2.05096647151508,2.42268498645943,2.21684092563486,2.16272537258383,2.04260778408831,2.31119523713974
"4",1.77600886287031,1.8874006018888,1.84503364010583,1.76331731035497,1.88776446575202,1.84412763899383,1.86941411296437,1.71456915388769,1.46016765898315,1.69603071762136,1.59940499732178,1.86548786685543,1.65400255527545,1.76878118111427,1.59579818303507,2.02870974052954,2.15152510313605,2.11770756184879,2.02897921867626,2.23671247984731,2.14123065749332,2.17282522828461,2.11519391142455,1.88882588355612,2.23910308386238,2.11875074970182,2.38927083750568,2.41739855415851,3.77319004131797,2.10461953420579
"5",1.76498341849481,1.748820729245,1.74815016101419,1.69290932055144,1.79653976173328,1.81364610786883,1.83208711641211,1.7810501896486,1.73036908273463,1.72060978170479,1.55107193695008,1.74956108855933,0.665212433315167,1.51148562755255,1.50383509427339,2.02568106362663,2.00767552778214,2.02204414427003,1.96687422208443,2.08522305296091,2.11163854948861,2.1918122636612,2.18728676471107,2.08954069684853,2.0643760730869,2.14210808974936,2.31327382682835,2.71491421328181,2.2800040567853,3.13645143977115
"6",1.77422175181872,1.70896704654049,1.79890466224047,1.85376291172403,1.89767995517149,1.91737542413579,1.80226611307545,1.78261031557794,1.98225538321371,1.82873815868089,1.92275490468384,1.77185150606065,1.78901609607088,2.024067792069,1.77328175932373,2.05737834430806,1.96751965594397,2.063092279545,2.13283433870027,2.16574134868104,2.21734408522831,2.07293500509638,2.11162114560037,2.43352493798252,2.17869938299537,2.28994660362637,2.26700003819636,2.28660677445446,2.70358331718598,2.58424268291868
"7",1.80157673430178,1.74451575661362,1.819416659193,1.79003852829906,1.74821778399,1.71572663934602,1.74827130845735,1.75432766404985,1.76453002229678,1.82263509953199,1.56347369807917,1.41195212537125,1.43197201691443,1.73952060482238,1.82714595384889,2.05741807741877,1.9978863533108,2.08936332891561,2.05003397432067,2.05444427957086,2.0119197969752,2.08100413551865,2.07149349986283,2.12486546282152,2.35845494816747,2.02026187417434,1.96837302876435,2.19731554358262,2.58041927280248,2.66083675455037
"8",1.78239303565391,1.86214258658309,1.78727999584578,1.8008766714833,1.78279839066245,1.80651631278869,1.86856262404648,1.73690020828045,1.79230588000906,1.60693552387144,1.64301784430494,1.90159880627994,2.02246836583156,1.59217115435308,1.38778210670879,2.04669009375178,2.12358496223603,2.08428566257854,2.0642272019113,2.06300930382903,2.17601449164881,2.18903320467191,2.08397508417619,2.24118213448309,2.01435587538817,2.3701925115333,2.67781101996459,3.18183921712588,2.44864511763222,2.07846660925258
"9",1.76964338133387,1.79729453423504,1.78005459838038,1.81390703256127,1.61697717468786,1.8070322125504,1.76357307646343,1.78925025573258,1.69586129708612,1.7449146097285,1.71610163740079,1.41174502266624,1.61946397036003,1.51036593696239,1.58368321327073,2.0437264372872,2.05623702264588,2.04825052708912,2.09215914629072,1.98701149863989,2.09166237572504,2.09709904985572,2.17209136482536,2.12964869503791,2.1456873807518,2.20253885694594,1.92846432827726,2.68512011054394,2.61755116351545,2.13511757998639
"10",1.83288348908702,1.75136028779832,1.81286329042854,1.77340337238886,1.7755249200278,1.82991958947835,1.6434906300221,1.56393859227077,1.84088641380384,1.65433387637447,1.77682162619466,1.61629305029548,1.89973841536763,1.61122787442945,1.51905226290385,2.09532514341732,2.01063062373108,2.07504025416875,2.04437735627573,2.05474067712277,2.12630013692179,2.08277379021742,2.04938888233842,2.15186546773609,2.11832052950058,2.46106909227613,2.25788841465032,2.37871081385635,2.16230341537467,2.11693655502093
"11",1.75078132188669,1.75872122573144,1.69962212947418,1.75416099340019,1.70883167626927,1.74001948694708,1.8758376375113,1.73773379039935,1.71645249839239,1.64673096210763,1.65731988256109,1.77997831203165,1.41079182449468,0.660181329504236,1.61206620368422,2.01346685588188,2.01067814376135,1.95578402755247,2.02463835149084,1.99872432812366,2.0425599603131,2.21378988626604,2.07537445550121,2.04900334809219,2.34424124862527,2.16230035947847,2.28298045230997,2.34859166009026,2.30609570497026,2.58310732020989
"12",1.84539749248859,1.75264880739705,1.79867809126664,1.72915064411493,1.78007891920134,1.84661408533039,1.88386780225426,1.67384698446434,1.83685884192903,1.70488227692539,1.80675699945579,1.67561703307267,1.62760357677109,1.59218914824895,1.4904909966758,2.11668765223522,2.00842580975758,2.06166583482175,1.98814131860212,2.07658919489813,2.1389509740855,2.19829464285542,2.08392860517912,2.19056418620208,2.08914827867203,2.22370047981248,2.39051582274364,3.54719769474231,2.87798025953212,3.04132782954881
"13",1.696572340085,1.77961569403147,1.88855611359151,1.67108074887533,1.75700909305029,1.81789317082599,1.75739987700579,1.71620927965866,1.80415222499773,1.74376619040322,1.44436977987305,1.59770788908156,1.38130881936538,1.87168512304672,1.80785961747551,1.95544674904047,2.04916242435262,2.16749116076154,1.94463246528029,2.08314140993725,2.18829806323149,2.05069832800291,2.10842182993914,2.2850486334827,2.1321036359981,2.11136818437191,2.13494504286705,2.26915302905676,2.39094606955087,2.49518048626556
"14",1.81926373867457,1.7450401792947,1.77160511029672,1.80689157964801,1.85570184155768,1.75585644481479,1.64950852027998,1.61328658863882,1.84060890437883,1.87406936212061,1.50834514906997,0.829573354895505,1.5650912723971,1.50044604337119,1.06322999862242,2.09090218594158,2.01386536072292,2.037261583728,2.08318130201115,2.15608910395463,2.07956658511236,2.01656317705135,2.12990517056762,2.22613242361012,2.43962752899123,2.12221549500281,2.25362742503159,2.05897320336706,2.83726688768371,2.74133243310803
"15",1.75015637453686,1.75121470131534,1.77886718086107,1.77864634576953,1.79662969045068,1.69750522219782,1.76375808445285,1.73714243261501,1.64579682879839,1.72874348923552,1.60831472962955,1.68738408234694,1.73450291380563,1.85307684183232,1.76750240799478,2.0110497853723,2.01152998448072,2.04100132941195,2.05062062196349,2.08366686395833,1.98939675270151,2.0888329201277,2.10490130235107,2.17055209768167,2.27610559571122,2.11703116316347,2.14476160263879,2.19627679689424,2.8053442189008,2.22695683225139
"16",1.80197467022675,1.87815698145882,1.88979570326078,1.71656952850881,1.782226297685,1.84511932608549,1.72829097374255,1.63011409479494,1.61955394404862,1.66388194210575,1.76097367279154,1.62919514210653,1.69015260567584,1.79515460424612,1.49497460902423,2.06443445318004,2.14630463316662,2.15245855469823,1.98225090621596,2.07862633934664,2.13801009151028,2.05241464715848,2.08146694385163,2.07428847948392,2.19180586207132,2.25713672445886,2.2689424932128,2.19625708412318,2.32907474806235,3.33994019247246
"17",1.76377394797337,1.65200982120878,1.8682510006203,1.83183770748662,1.88290798123148,1.91073643330542,1.7562366875564,1.80714925453061,1.66169458272642,1.80559592435945,1.76891727191348,1.71866724588526,1.61616792300876,0.892827483657083,1.14187850350513,2.0219089614439,1.89985192719858,2.13665603251038,2.1104436522232,2.16652143460052,2.18420892191803,2.12551143937939,2.13792643760418,2.0601516386019,2.32726243045462,2.0895536698178,2.26088126602918,2.12508920126544,1.99276123055319,2.39768980515414
"18",1.76058066067576,1.78450828145475,1.69837695336777,1.77306344733073,1.77403917736444,1.85833607889237,1.8099841226593,1.71410104434868,1.78229308800205,1.93511288446597,1.63548305681457,1.60477429360943,1.7369629568807,2.02358194417303,1.3033764964228,2.01890351418053,2.04839307049484,1.97033884565514,2.03553644013766,2.0745273119007,2.14483280330171,2.1266202490039,2.05851183647394,2.11470846158513,2.39950491203178,1.99306746789655,2.16198430088326,2.12505065898385,2.52208634495296,3.63624820167705
"19",1.74250574488576,1.8483263711856,1.81243217273693,1.83937313838563,1.82643382926497,1.67399191224878,1.9249214145389,1.797686978151,1.69694640487188,1.83472598168688,1.94201942224816,1.18251665004491,1.16245876067941,1.60445490312507,1.61957425424518,2.00010136887642,2.1188788608338,2.08250194143871,2.09720616788905,2.11934907686951,1.99988351478246,2.34816607163185,2.20216450598705,2.07670202676213,2.22749743049872,2.70949313535271,2.04622835909349,2.26227627194677,2.21099103717338,2.27412185987495
"20",1.71748590444753,1.80876440925816,1.77181061252745,1.86009538948888,1.82032011656737,1.80591924387141,1.80923804677627,1.803327166637,1.87820329022215,1.769109545232,1.63635999989315,1.70565618104353,1.67078062723979,1.75056179254712,1.74784061117573,1.98242379838505,2.07466128758383,2.01694185849763,2.13425895985328,2.0881557718861,2.1146115589499,2.18509555657634,2.22656680104788,2.30649374876952,2.17168202381074,2.17307466041984,2.11774862452738,2.06146931478882,2.5430110485914,2.5892370046263
"21",1.82305546661335,1.81661777901027,1.75235757553185,1.77844234597755,1.80671116931995,1.72455950498512,1.8048210327709,1.70465491719369,1.77030394069301,1.70445719767804,1.56820045750838,1.85744155209873,1.7305066299732,1.77390393991694,1.59686242251863,2.08965833406239,2.0856382056838,2.01509929577364,2.02904185506739,2.12855417511032,2.01516230016427,2.10064158997938,2.05923470598913,2.17205739934749,2.22187674685317,2.4589548471603,2.43071192218636,2.30235290078152,2.14382686577482,2.54185261149911
"22",1.72418888722547,1.77168746170978,1.88704405086945,1.84650509106558,1.66544230930316,1.8751305914556,1.76501051530901,1.72374579832041,1.82229674846959,1.68833819957946,1.74966268252091,1.72954590279749,1.7471699573315,1.84033236526614,1.97818608236416,1.98993833876149,2.03038579342614,2.16507997969704,2.11481050088431,1.96267045276405,2.15615301076595,2.23324818508275,2.09788106982139,2.16588938288718,2.1018130292766,2.16378335514214,2.1627193384844,2.40203935119409,2.41368091203915,2.68699179244275
"23",1.79829374700906,1.93222809221271,1.87336783036786,1.8168457464217,1.78650726269329,1.93796295511879,1.74594671865725,1.8691901976524,1.66239369098498,1.62756824312803,1.88149040252657,1.6391234139091,1.38610324918474,1.48155892159525,1.72075339565603,2.06051881922672,2.20729565072667,2.12714097000105,2.08233301071618,2.07197513112065,2.25493901498794,2.09960011775315,2.26981172356498,2.00016179835749,2.11455585509423,2.17460633773151,2.39376556797324,2.25861833953303,2.36043716991744,2.20364742538394
"24",1.70015673218337,1.79215861077486,1.76729357366005,1.85849012150192,1.77111184477657,1.83356171894655,1.84549018233428,1.81831549472215,1.73829764177862,1.64789915843625,1.70799772255472,1.61607009862837,1.97142583855164,1.86344508021307,1.8831581608309,1.96275028535317,2.06427841174456,2.03407801939955,2.12922859025038,2.04631690671844,2.13289032233149,2.17754735576275,2.2397878309158,2.12972884960058,2.41468266625872,2.09516935165608,2.05266693367987,2.50087893391104,2.57925326198963,3.13235922316278
"25",1.73525358388227,1.78166046328584,1.76673919286165,1.70373225616838,1.72602157494224,1.68320388488207,1.85352601790031,1.87374833863085,1.75655900298657,1.72331253754522,1.75937160562084,1.83859410546045,1.36361182906002,1.57806985592649,0.690745978315465,1.99014667139929,2.03899136456899,2.02188858869067,1.96963078389338,2.00731685935111,1.99432431416257,2.2278760132857,2.22952232881121,2.13690131926522,2.16811186495587,2.18677666725722,2.3238598705661,2.78711024806488,2.1422581864979,2.22015309014724
"26",1.80629176285363,1.73212886238209,1.81047496975569,1.77742224620532,1.94403408878263,1.7552440090017,1.78379963339022,1.8635424840322,1.76859925058864,1.59723444170662,1.6570357998639,1.83934285311081,1.77459750362551,1.48369823307091,1.52013799108459,2.06979507286335,1.98363580705991,2.06852875159673,2.06632179229919,2.22853738828845,2.04937506790222,2.09478749538577,2.20405272159712,2.10301422177294,2.20490858494521,2.16635001874955,2.39514834083273,2.22918751213596,2.1169598022971,2.20297432939659
"27",1.72696599939654,1.7669521967665,1.80689861740769,1.80028078747292,1.7767920540407,1.67566434705462,1.78115949019056,1.76290685766835,1.73453453844968,1.71873102016073,1.71317554079219,1.56758724795429,1.79881383377351,1.8637729196757,1.10488223198402,1.99072729055261,2.03716043799873,2.05301928338481,2.07552977895202,2.06453736647634,1.96713543934519,2.12121865426467,2.1819023445757,2.08653895504003,2.06479552321183,2.09295022772912,2.34360695924682,2.27088212681965,2.442504079545,2.27381889607334
"28",1.76915152292616,1.78863906238409,1.70477368618606,1.81142136499589,1.7592878761222,1.75068821689008,1.8017574160012,1.74407650623581,1.79949055047894,1.55921038813085,1.81101635476535,1.79491636106356,1.73446603956776,1.56902280821156,1.20586569625574,2.02357685569655,2.06098566642227,1.96078071560726,2.08477002771727,2.03211382553774,2.0462631668668,2.13774820819219,2.23087040196733,2.21412796954627,2.19305139572299,2.17483732818244,2.21378278775196,2.2235940730599,2.2038148240126,2.05191279543593
"29",1.73463407751011,1.83187303054392,1.7593670047348,1.70638350175288,1.91742482619258,1.78001250235106,1.80479264807065,1.7281635856094,1.79957280591945,1.72985009755531,1.81018031737333,1.47659777526185,1.78898459073562,1.70547831627503,0.771020407256906,1.9976261183816,2.11624969133134,2.04368978353289,1.97340557074305,2.20564506276991,2.08959128973804,2.15499299397289,2.08346135743163,2.30056669132811,2.13732760565911,2.49092349166195,2.23249589162761,2.4709619533823,2.68053783505193,2.20032092546325
"30",1.69927478226994,1.78646725563873,1.80504428446599,1.81394481282705,1.75782594470469,1.83509041138619,1.83678987422295,1.80893507787322,1.73554361956387,1.70032004772468,1.62752604101974,1.87931262746475,1.52501585317045,1.36223082049534,1.60209820838474,1.95311455457303,2.05456540041605,2.07386157928859,2.08296959682169,2.02580025223826,2.18677150268573,2.09398626805291,2.13870938181131,2.38285688701169,2.17877605113143,2.16772333958792,2.2880751322954,2.35131634889977,2.0419292000778,2.84034304032233
"31",1.83602723783803,1.84758256019581,1.80308798414239,1.73167936675528,1.82845280135716,1.83859604698389,1.82585618836513,1.81848853510175,1.67251501886504,1.89061701741698,1.79121892269425,1.66561561000661,1.60288815804931,1.55138113465962,1.6047290073695,2.09804928735342,2.11693978929385,2.07811367574511,2.00507458860271,2.11844475681553,2.161682415947,2.2657515697739,2.16448163297468,2.05711865888812,2.28034809762771,2.19559981679494,2.13104089538369,2.48134732978532,2.17624059348436,2.20810201517323
"32",1.70993744272243,1.77326223734488,1.80663050253599,1.82469815313561,1.71411390811713,1.85135711488078,1.79068023723718,1.7553045995121,1.69781862586759,1.47659763178085,1.73330466191729,1.0947398748991,1.54134658768398,1.61753960046448,1.31452249332766,1.98527715087029,2.0454755448768,2.061771080955,2.08914473052807,1.99401512476092,2.1771909100447,2.13590135646643,2.09317950403989,2.06740672143711,2.20932018473785,2.28644070713312,2.06428802398506,2.14158997083221,2.10111838596013,1.94927363647873
"33",1.77915040816073,1.82452854655191,1.74396039377945,2.03648983979241,1.73436790451845,1.75267216439215,1.89836025013762,1.77621509995355,1.74240336498332,1.85477216522046,1.75498028944722,1.64555023673931,1.69617175691879,1.53794842358333,1.82416197714544,2.04378037310766,2.08782536633624,2.01551303169894,2.30727147036541,2.01214865598774,2.03425751729735,2.23488901939366,2.11898542159094,2.19839970942894,2.2374538538467,2.1052441099026,2.069243861206,2.22923653361766,2.3554798229792,2.55669484699481
"34",1.79498235729461,1.7924533492524,1.81451557864491,1.75202266356798,1.84984489174401,1.85210716961181,1.78403172286295,1.80052803452722,1.78141660509521,1.64185455768235,1.73697659819134,1.34104718124063,1.37552336261875,1.37302442051548,1.57840930435458,2.06102851974933,2.06749791606637,2.09489001390713,2.02342429609311,2.12549423044342,2.14099257765006,2.09586986611589,2.12093286603256,2.15001654195039,2.07308838281085,2.22668705719067,2.05959154096821,2.37774389789927,1.94400913051432,2.80372095542181
"35",1.81051228223488,1.83638143427837,1.84288941696071,1.75535819829268,1.81947357122046,1.79972862763844,1.79414675183018,1.72217970527567,1.66389388438357,1.68726369880301,1.63612483398878,1.58947946233237,1.73509305448395,2.04244673112544,0.899049706007666,2.06781375246443,2.09123404487374,2.1105637259539,2.03358369553556,2.10936756921491,2.08673400143127,2.1447951894494,2.15091664044393,2.03477842373348,2.06045611041958,2.16634173036013,2.13002245906519,2.2541193191128,2.7690506685817,2.38938784950868
"36",1.83253755489742,1.7845542393376,1.70736104456945,1.91521133884407,1.8217878402842,1.82638198184703,1.81467562188683,1.65750451774134,1.76549255952086,1.77308942821238,1.60554799334681,1.66657227861626,1.58009888306083,1.02148817780243,1.6000256486213,2.08585105667964,2.05873072951469,1.97134779453588,2.18647550337105,2.14935513110628,2.12711521556007,2.13266161973107,2.04830641154458,2.1584049841261,2.18574503901157,2.14627043327385,2.101065960617,2.46574578986671,2.21533680896486,2.13157888873191
"37",1.73443994747011,1.83378223284328,1.75992870663372,1.79719868749482,1.79107389145599,1.89281810907708,1.8417170837981,1.76726595551208,1.69014316215349,1.75777162515653,1.81349786062623,1.59599647174724,1.8279318546609,1.78132767461671,1.47382941588278,1.99845704858163,2.09689202760708,2.01416121196285,2.06225555816426,2.05932080911649,2.29813853796669,2.25582314560594,2.07658551556918,2.11882052336138,2.14044448213434,2.26066340023808,2.42122692814944,2.26180095412997,2.4803803039458,2.08565767088979
"38",1.78395171496332,1.80983997006952,1.85554088519789,1.86293661054793,1.80143338716585,1.74843700297351,1.75352759237097,1.723477824227,1.80851717353122,1.60379533137077,1.27791005982301,1.91117181863437,1.93401565760905,1.7474245262122,1.40532382058468,2.06425204491147,2.07422479271481,2.13237043488234,2.15619880390032,2.08634817391511,2.02391085038357,2.09216021535713,2.0741901313611,2.18355893670579,2.02957067885529,2.37175556642048,2.59931155365328,2.39831301952091,2.68653317279287,2.33009682432064
"39",1.72635731099113,1.80180951292223,1.84586504515841,1.74792700666163,1.86193354026503,1.7986669773224,1.86343082849976,1.69484445809333,1.75593371686073,2.13950958913343,1.33819561504311,1.60616942670888,1.56224294535261,1.68093528408508,1.96016955631693,1.98168297017697,2.05063650562991,2.1094994508403,2.02363918763177,2.14260331643332,2.1257919054254,2.17446384652553,2.05462815276303,2.16486946916796,2.75064457690516,2.46018828171471,2.21572740879193,2.33096007945192,2.29447577855721,2.74413232251626
"40",1.79008869607372,1.76994138513204,1.81998202935681,1.77851698540913,1.76054424760882,1.78863475975967,1.92743142204715,1.72026623851472,1.71430991105808,1.74604182442328,1.71315334845649,1.75657449557183,1.65331233540185,1.33467849499146,1.49157051182039,2.06439971786608,2.03739369140307,2.08819531529433,2.05235932301721,2.03205053728978,2.06865209885168,2.3247036759627,2.07932978693112,2.15864634894077,2.27665050092501,2.14584841098748,2.3885863940924,2.094290885582,2.02095855491976,2.58427621816332
"41",1.76986470880823,1.72199599821157,1.80913127895612,1.84824753281084,1.86840072231961,1.80364140694372,1.77796223862287,1.78438282958283,1.78265340819644,1.80996251774434,1.74197294800198,1.85282395425894,1.74295387324297,1.75896919104041,1.66399661467329,2.01574351114073,2.00227117156977,2.08611034475653,2.10565056787986,2.17327718894331,2.13201786053577,2.1254733623548,2.08772108260151,2.07706917297649,2.30213942540609,2.21750531310044,2.31502502232748,2.42090037665172,2.22571639267282,2.57692023353713
"42",1.75812887200953,1.74348344931573,1.77984271805164,1.80164066770589,1.91216363364448,1.84085521388799,1.75002842198058,1.78506170396496,1.77495460058296,1.7789866284987,1.70905022926437,1.54284699123014,2.018969190373,1.52054020332114,1.79484877799403,2.00049583883282,1.9988374812476,2.05826007157041,2.06846843742623,2.2109713467251,2.13583569014146,2.07772310960727,2.18266768049903,2.23788142380554,2.17802265361647,2.12097313223081,2.25212168813515,2.51779112516235,2.14321321799885,3.07061559836495
"43",1.78401257185407,1.74877327431664,1.77654346905638,1.76183134763936,1.83466054411133,1.82254050440639,1.73295643699437,1.73838855469939,1.73572359214556,1.80979550307202,1.77743189776694,1.79072543565533,1.75132838031524,1.96551878367126,1.62363926526297,2.05730396894829,2.01252845930665,2.04118382083956,2.03003988547876,2.13267991724233,2.12686991732241,2.05101660740714,2.04283922041285,2.11102618256541,2.33475397945598,2.22094240178692,2.31814378634113,2.1992372902229,2.6500176078021,2.92238617647648
"44",1.75743001211956,1.7596194482833,1.78107030614668,1.84335549242262,1.81331369780019,1.8415299121981,1.7987633947592,1.60649313162697,1.90362332696792,1.80328842781416,1.63683606480256,1.63586517647568,1.68249549027925,1.72171829361564,1.5288172316286,2.02319473100815,2.02411322831716,2.03755569989202,2.15745407355613,2.09912166328533,2.13621388889543,2.08494486861735,2.04423420051433,2.28802182402826,2.27220179319562,2.23102450568665,2.11171493918576,2.1682607966258,2.33877483955255,3.15496012341699
"45",1.73161518779819,1.76422303556439,1.87248216021976,1.8148475904172,1.78063503038511,1.69567359917249,1.93764113301329,1.626821664846,1.81667735550297,1.43868687628067,1.88196469666233,1.49848359429084,1.84013421845788,1.68168303490943,2.16069543465938,1.98923437914604,2.01786291590783,2.13865733262081,2.1088392473024,2.08356147694389,1.98349334446545,2.28556481146012,2.24617778741075,2.26110019212633,2.01260211771232,2.38681930086593,1.94915190385866,2.43893710973974,2.67450741745875,2.8850410608462
"46",1.79680954448473,1.78749343204918,1.80350740631952,1.76820813801825,1.80557413456011,1.87652760500537,1.73792740808707,1.79999644132122,1.85610974119344,1.74421299395949,1.87372075681385,1.2522760198735,1.55772292789994,1.47369507035721,1.45994291068621,2.06235135943534,2.04613205841586,2.07419691921488,2.10380667811021,2.11070333393469,2.18415812819702,2.01809874617154,2.26000769842802,2.22729082870523,2.09773315922989,2.33265999603705,2.2797099515006,2.24507716588885,2.02224662742242,2.85000019489753
"47",1.77501357564504,1.81203286175691,1.78543857563231,1.84316025539808,1.70042678958055,1.85815108136214,1.73631741658967,1.79622574325231,1.74881943523616,1.86341779122498,1.76463382996638,1.35935097106453,1.79853860060836,1.69004190020218,1.82074166844763,2.03484582241833,2.08390623478108,2.05198110587976,2.10306228823538,1.98432396377383,2.19778904645385,2.01073537020224,2.16217073771714,2.04651272206078,2.24309369027713,2.19695207914727,2.11460467306997,2.35708097076446,2.37572558799863,2.32650548849426
"48",1.82908907553334,1.73017213018297,1.78200336209257,1.77272525118082,1.79016976508928,1.83746461967141,1.74785238081535,1.65823174597238,1.88051279187274,1.69304175599442,1.7081953311469,1.6138414709598,1.64794257259586,1.32858153465124,1.54783396959376,2.10324716960416,2.0053078525656,2.05850041810314,2.0467854347271,2.08568601824539,2.120752555719,2.06740732429311,2.12641100127911,2.23265461911416,2.29130097047804,2.18293839505563,2.04452163922574,2.18011990946718,2.17968383172309,2.80009471938612
"49",1.77210862948042,1.80994294196287,1.80559111328106,1.88569311080513,1.86303846676012,1.9598908294348,1.8407914946326,1.78582732028719,1.58795389918644,1.76668822807017,1.93902520640706,-2.64826395197207,1.48647921966145,1.43662984401389,1.90248147054418,2.02993011768267,2.08062510594528,2.0599149140795,2.18462408202752,2.16818571527408,2.26806986714781,2.12241758457348,2.11322196859917,2.09006088516987,2.26247450277717,2.47718976861874,2.78695803464164,2.30319858677592,2.19452867239809,2.63481514389873
"50",1.8324607042843,1.78369940684138,1.75052368297154,1.79846234067459,1.77669647460356,1.80062948804186,1.71861690448607,1.79675771043686,1.80537361841384,1.59357163050897,1.82893916142966,1.7791138682896,1.54521521392182,1.72661929418509,1.85250830903859,2.09428992469792,2.0382547273996,2.01217807623572,2.08800446585731,2.06173842791651,2.07546489032893,2.01279243774282,2.14978708839374,2.12227360468957,2.12924099331584,2.43651588568238,2.78414848445513,2.25180126645163,2.33964818593648,2.98220927332193
"51",1.69306962347654,1.74565622842722,1.77197008707099,1.743366755343,1.83236696483441,1.8630661667886,1.85738695201742,1.83621642197083,1.65449117112244,1.77671538068809,1.73849291017214,1.75441652377361,1.91097784454275,1.00821813554813,1.4932703263942,1.9508784218064,2.00070104886041,2.03547908599888,2.02116001314753,2.12345003324671,2.14406528647216,2.18705038177793,2.21137477907849,2.14025137446041,2.25126379563048,2.24013839390373,2.28463853016261,2.30073455970607,2.34925294221331,2.02847324154308
"52",1.83762692997364,1.75308609366789,1.80300348986413,1.79315050360673,1.87283553919386,1.84325646700907,1.87261886271652,1.91157832531461,1.82507133091037,1.67473224792037,1.74255148069179,1.80370860881069,1.78128823918602,1.50387518494047,1.71026925956243,2.09713663153119,2.00945320933975,2.07244725735181,2.06326522839754,2.16037585841601,2.15546291121927,2.20876373004427,2.24464342545592,2.16378176465399,2.08257819322873,2.14613459599066,2.37501559348727,2.20079315499604,2.65488968540127,2.28961682468939
"53",1.702633956714,1.79280113327734,1.75839609880362,1.7580075912955,1.74372501783825,1.88785949300856,1.94251605043268,1.74863102804228,1.75681412810593,1.68343651637318,1.62457004138481,1.41682888660787,1.71319448264646,1.45297399342803,1.69726006572605,1.96530921555213,2.05348687258579,2.0336328976863,2.01878735396819,2.04903122289338,2.19164750217296,2.23552410840008,2.11406381995498,2.1158303479574,2.13827770539025,2.02650009666732,2.11956746495502,2.21706049141238,1.97509618507926,2.2680910381234
"54",1.77731648255176,1.81399105737226,1.83980871355106,1.80212102441338,1.81632712626542,1.84995686072186,1.85133568494974,1.82151630306806,1.74953553764087,1.73729625972117,1.87726314726065,1.64751152847116,1.79703040669773,1.60004226357102,1.72127124308655,2.03657748942365,2.06833468888702,2.10340724229969,2.07302771618733,2.10663519910811,2.16040974746529,2.15782806824465,2.24134019296952,2.12843918062921,2.17342977646956,2.57951898412213,2.22682278804421,2.37042252341824,2.38812003857132,2.50052874326377
"55",1.75939235943099,1.73949794682379,1.85335736681126,1.73786884912703,1.75507521771459,1.74136482078818,1.93269530796688,1.82515367656606,1.74016544298771,1.63718194344815,1.45737877380159,1.57076440842732,1.52184215398784,1.66873984133489,1.48280274804872,2.0258134784869,1.98937101636606,2.1198278013119,1.99895344044801,2.04759051141699,2.11451465360541,2.25417503541608,2.13191432141855,2.0759662600975,2.24175234727067,2.14085780587227,2.42310372757213,2.11608304562381,2.31575971278427,2.80452416374349
"56",1.79654890961415,1.81388819392584,1.78361571772258,1.82074784395724,1.81561032663523,1.74578549918111,1.88890476427368,1.75674202948697,1.83420589301285,1.78285556898878,1.94847083575594,1.70608008414925,1.68437901208914,1.48601152698974,1.67670692153263,2.06364630665627,2.08230181475474,2.05280897849953,2.09725501864168,2.13109836220643,2.06466455439457,2.29444142050332,2.18318725621077,2.13816933385008,2.18772487446913,2.30189066802959,2.64531176015361,2.54210677140046,2.22818768735929,2.14846218248986
"57",1.77761021187664,1.79223892247511,1.7314599118368,1.79480732436162,1.74911853563711,1.77760726594899,1.76490041855931,1.84620935805274,1.83061355318918,1.64837518990477,1.80930707806145,1.60235190995086,1.78279869652709,1.49510708657898,1.52530067956828,2.04745870175823,2.06229910431129,1.98462609152645,2.06384992068647,2.02851468783849,2.06864372060686,2.10778193546066,2.17977599068237,2.18641094938276,2.11757058290554,2.23584837400935,2.18263573913423,2.25824023310168,2.13166262099662,2.48479143219551
"58",1.85765804563424,1.69092433840463,1.80063888357369,1.9989752635997,1.79459391671708,1.73287916382488,1.81711421929111,1.87487060428172,1.90260287342295,1.58245176314781,1.75912895464449,1.79303473836761,1.66889319660466,1.60068425761369,1.3015438595872,2.12497973321022,1.95560246508682,2.07377460508516,2.29498655823885,2.07013097095488,2.05142000113803,2.15026897186291,2.23665433593814,2.38442320717975,2.07064814004677,2.23776310501897,2.32530190815066,2.09292124160524,2.13980358981066,2.09474611996347
"59",1.74482363706666,1.81697247105717,1.78421376173973,1.8827270176262,1.82893627110748,1.76241301065575,1.84684616044598,1.67873839448407,1.83713516704089,1.56022463263035,1.80317465804186,1.78023975439604,1.89801265592252,1.61809848962772,0.857336740482527,2.0062698957656,2.06910744150602,2.05512275198132,2.16056645663742,2.13182968995992,2.08700876960988,2.20089430277029,2.02539985011736,2.21568610790694,2.10290492360687,2.11911438356615,2.162560587476,2.4440804723594,2.38732018381768,3.23217679920471
"60",1.74916861900511,1.77602330184453,1.7785210701533,1.72824081326076,1.859000473155,1.73479872424694,1.76452050564997,1.6827189984814,1.73621103105243,1.70288400016443,1.82123603989608,1.88172620933737,1.71952773459748,1.633942662223,1.57139827328863,2.01821053240326,2.03484560484026,2.06319257793845,1.99602264046991,2.14327426463318,2.0682269682437,2.09746142020019,2.067706215259,2.13190023487276,2.08094956457654,2.5000419805755,2.27946395355865,2.2192208292742,2.03610660117258,2.47305413480994
"61",1.76723884498496,1.88918561704677,1.78795403711567,1.75985032055125,1.83806567846889,1.77285058686345,1.88518077070333,1.47204371691531,1.82917211805042,1.8889358080122,1.49362920360998,1.72920662118069,1.56226759798031,1.75984094290624,0.91606114867892,2.03495100965417,2.15715014500917,2.08148369234691,2.03497770428443,2.11164956333141,2.08608974490066,2.19790299391629,1.87966979567381,2.1657347865815,2.34366901854048,2.02153985981304,2.28712642219485,2.26969988204721,2.20673772996101,2.17606785105325
"62",1.73108141078039,1.80514435410431,1.78405186111514,1.75619156540181,1.84409644784269,1.63909618355306,1.6147135440789,1.86200246319104,1.85272173390933,1.80993865322009,1.45361196930783,1.6233738766082,1.66939017887251,1.74729921689307,1.68065628116263,1.99032700363193,2.07087992145848,2.06390392546658,2.0246806778812,2.15466828661295,1.93508793774508,1.91056756174644,2.20016065210764,2.35208713418902,2.34511278430955,2.08752351903667,2.18309865069135,2.24128089801442,2.1597789888717,2.69678239318196
"63",1.7722682240451,1.73500699661191,1.80151831108314,1.82420519047884,1.87981599240778,1.78802641902334,1.85005895497497,1.64876710314466,1.74601902215754,1.68814356874272,1.81152373349261,1.81072233204074,1.67913922884322,1.56253930515926,0.313904677462431,2.03479948480221,1.98879783254933,2.06707009203858,2.11356562732468,2.13674937141314,2.1007655099217,2.18495701738409,2.07563586068837,2.35770724147149,2.17697773737499,2.30173940831489,2.41927937435971,2.26151136389135,3.91322908712137,2.1239883998233
"64",1.73495617420501,1.80611538082792,1.83025398718645,1.70963209942468,1.82777305001755,1.85118998700435,1.67784741159364,1.70853956871424,1.77800293203925,1.83876084383018,1.82889986811412,1.55814994422302,1.6861643838842,1.71565917692994,1.67711042665735,1.99796565199266,2.06657499529698,2.10425413895293,1.99811591217926,2.126967330256,2.12223568500788,2.0385750606706,2.0872293472501,2.22365177364369,2.20281194292355,2.38932929969445,2.0853825509647,2.20822904583814,2.18152578193161,2.52614067253172
"65",1.70154267728098,1.7418899261304,1.81987327286532,1.79825409245767,1.87528072359521,1.78139127769443,1.83863631146412,1.74161047643282,1.76029470182812,1.50343529748374,1.74150994375113,1.6119616970706,1.83190707963585,1.16344930927101,0.423593196653808,1.95647757768816,2.00180074680799,2.07471781024019,2.07725889525921,2.16335259185267,2.05916849375305,2.16011761073893,2.05254175054566,2.18475916834914,2.06403632040382,2.16997802223572,2.06338726730483,2.5104111353579,2.28693626504097,2.46139850017632
"66",1.7205646757086,1.70509180546423,1.72455790850189,1.79565533057682,1.79632459915486,1.91722914123972,1.80140533532211,1.83006357091937,1.82737907814054,1.91229432314069,1.6482816553474,1.72496100869756,1.71254362683072,1.5298835569976,1.86005157527665,1.98706315961225,1.97008612140699,1.97818899295766,2.0883077345335,2.05966478082785,2.25013677128262,2.1592865639236,2.20217387313571,2.2990571364064,2.43808480030399,2.02751892131029,2.39744277749842,2.1744657871172,2.19244340186612,2.65296501600453
"67",1.73785618875519,1.72709495018509,1.72950656329134,1.85910946779005,1.78519034008997,1.68094406802218,1.83394928085887,1.72854040071768,1.8407067740707,1.85777510646327,1.88360013992323,1.61954212394725,1.88596448425903,1.70401303423532,1.57758781529112,2.0050987378799,2.01346538936977,1.98950862828396,2.12452875862322,2.04827872464423,2.03086933265223,2.15090415246128,2.03613337878632,2.19692448543981,2.19359583506207,2.55712450334092,2.12404577351183,2.36015358902478,2.44507477374471,2.01375355238742
"68",1.86324349126507,1.79157469237619,1.74849478454543,1.78902281462369,1.81192137605261,1.73989367720997,1.84659858984615,1.86176592415583,1.91464003675941,1.77632610667552,1.88344757453736,1.586046013373,1.62838556075499,1.73430993112358,1.61256901703375,2.12877275280332,2.04563290288981,2.01784474535844,2.06127389581642,2.11327565257559,2.12826775494779,2.17802334667647,2.19379953656601,2.25554446225829,2.17861584050708,2.38193892795081,1.98380867594008,2.51896446200744,2.73054776345412,2.30374255413117
"69",1.74644995063922,1.85822541706068,1.7014407609926,1.77315706876536,1.78927305818798,1.90011098954402,1.89676670873494,1.87841275949946,1.58561703544533,1.60882315992901,1.75377202359519,1.8453766564574,1.44516793324356,1.27973319102749,1.63789670266994,2.01201646877712,2.13101389177471,1.96245698035331,2.03533314739046,2.08808718586534,2.18537785268815,2.22456577459376,2.16194136203449,1.99225716067095,2.20605280241964,2.25042714948489,2.43652158100736,2.19195922377412,2.07173283118904,2.22011632619447
"70",1.7218281404071,1.73275512731151,1.74745603613299,1.83384426799025,1.82704047810455,1.79942749400649,1.67352198524488,1.78143137399454,1.70787210669472,1.83167257330661,1.76832553311445,1.7637991591782,1.08126024626784,1.83501790015072,1.66071210561941,1.99021703201099,2.00473776453941,2.02274751681678,2.11870308516557,2.095782333368,2.08373717661927,2.03461798126041,2.24492452940671,2.13248202071118,2.23758563496889,2.31350798194505,2.30367975343259,2.0258726858627,2.28702271334965,2.26446053234613
"71",1.74368255985869,1.7958512977017,1.87689514821221,1.77278012068764,1.86941238219849,1.80261207631804,1.83202198823738,1.85010207647494,1.79453392569752,1.76773521019486,1.70141567469023,1.72578131282221,1.7564978852653,1.50370685679413,1.75313098780833,2.02359131785293,2.0586368698162,2.14755870186189,2.07049356055833,2.14775667551003,2.09440517901806,2.15052658905637,2.16179352149031,2.21338924119946,2.35628507743764,2.13685742955584,2.27690585226817,2.19241449490091,2.21138221065738,2.9113390907361
"72",1.72117432347238,1.81708625768128,1.80266333736916,1.83424458823145,1.76013770108361,1.76120660262508,1.73328480585963,1.73818465722948,1.68658255479538,1.71783225462213,1.77459688696616,1.42091903631993,1.91566339682534,1.53121296972747,2.14802293709942,1.98231666876305,2.07995916880311,2.07137112040365,2.10147187609536,2.03292666022486,2.03867901612259,2.07495536881288,2.05749585971402,2.06874523838444,2.08449481758094,2.23641733615843,2.01693470907948,2.60473234155741,2.0933400022717,3.96756865678927
"73",1.7570293968482,1.81783079492887,1.7636743034969,1.7828932000605,1.78680777244915,1.82349179113799,1.62940711128768,1.86634479100536,1.78673893957122,1.60570149690368,1.78145720102929,1.63030568082131,1.76113411606592,1.58840595020381,1.81558642711144,2.00841237936453,2.08792675169837,2.02057295207098,2.0778764235723,2.09321956309162,2.18333306816908,1.91619853966391,2.27804233153112,2.19200802408991,2.03250871439861,2.24027428012458,2.4573392117349,2.3274152325425,2.32731932921681,2.21309981782914
"74",1.72648763625166,1.74111077155984,1.82327844184858,1.85086461880817,1.81169763881384,1.87306753721702,1.66281773205269,1.73588537112839,1.77543790789875,1.89925392825641,1.77443362660614,1.46880392933766,1.8396663508269,1.78008609971262,1.41326279482522,1.99010703170828,1.99354832010925,2.08116916072959,2.13662809500626,2.0932353732809,2.15022939918604,2.02627026320752,2.09682259292084,2.21374747494912,2.34055831822716,2.20835362503405,2.05606227425125,2.59591544168791,2.29044796693874,2.06787142956229
"75",1.73304021502491,1.72868640624382,1.89915193556906,1.89228484457635,1.74753791195325,1.7608296645109,1.83471193491535,1.7906632206305,1.91316626867695,1.96739158099945,1.79806840430255,1.682224884756,1.66467222410147,1.76204390220755,1.77521787081874,1.98623909742246,1.99225986525381,2.16114446464454,2.17515101738524,2.00557951237069,2.0339614776965,2.1351818708316,2.1194899586836,2.41367153242452,2.39370777625843,2.2227176829345,2.11548060591131,2.20800862646694,3.98730866675943,2.48882713868797
"76",1.75557869559159,1.84666273420809,1.70934890308299,1.74778364698404,1.88396553430434,1.80376063318157,1.88139318673648,1.72098726223648,1.76041640150543,1.64156994677464,1.73964242475286,1.83041194939525,1.67359055286865,1.75053025098721,1.27468652368046,2.01823360108973,2.11746925348465,1.96306190142494,2.01811667866422,2.15313617016931,2.1157169522085,2.18355034221967,2.05150779553782,2.12668534953071,2.06344712548549,2.15433129402082,2.30039203273591,2.45342019712569,2.53771097806734,2.22774931467396
"77",1.89611293338246,1.92419530453326,1.90963723692749,1.80167233252916,1.76504394095398,1.79755185670859,1.75227435148531,1.6717976804076,1.62569740066463,1.67789724764344,1.80801553268927,1.78106007850754,1.63577024348894,1.32605653413197,1.60720172968269,2.17687567092717,2.18622808306551,2.18604203749238,2.08305751081335,2.06509930433016,2.0932080115452,2.0698645533023,2.01047400685558,2.02852942821273,2.12646084364228,2.16474790189554,2.19840726285893,2.2798753127176,1.93468818584007,2.90378804462899
"78",1.69806085074966,1.82737641134314,1.68926806039648,1.74100166811917,1.69098614275824,1.7557731356404,1.78741673632176,1.80452882118487,1.72567783955299,1.74513151653133,1.43872693429401,1.44697940470589,1.58226251043967,1.74865247747869,1.28914890324779,1.95101838419823,2.08171137608449,1.96770636548766,2.01160639348942,1.97869914260373,2.07158511374163,2.29152754971717,2.19120342714968,2.0386203819091,2.19347661729009,2.10406635554207,2.32399252369116,2.32609717219199,2.39103680332973,2.12162715805893
"79",1.72474306592485,1.70698144030245,1.81180292061351,1.83461152947112,1.79680942128019,1.76765502755088,1.85949761646146,1.83337732948916,1.90125190351678,1.63204624111869,1.67796571845165,1.6798940202436,1.56645571397191,1.80720066382945,0.940803234471436,1.99236149075679,1.97521398723938,2.07805742582425,2.10369374814135,2.07579148564862,2.05835900937119,2.24691514376874,2.16562282643122,2.3880060694857,2.16300433035196,2.09263544729048,2.07913497178943,2.22992515889095,2.48347644141756,1.99356297270857
"80",1.74568425263677,1.80799392019057,1.79733787428953,1.84360399222383,1.82582692660223,1.7357741056012,1.90739539907607,1.73959890979615,1.67784719462522,1.79215527837543,1.6908174465402,1.65696287674942,1.62819803836739,1.83174923975731,1.73540019879566,1.99889902031838,2.05979283019085,2.05763300212805,2.1074247086777,2.12738260991965,2.03619242433222,2.22476905960166,2.14475493936067,2.20887566786817,2.21374164178797,2.22236182986845,2.11981072992324,2.07100227604562,2.30444608011344,2.57583511037783
"81",1.8143127336871,1.86348987323798,1.81917173891121,1.79368428894335,1.77975176694227,1.82890609090246,1.82242269826108,1.79290467916675,1.70675130909011,1.83773284376549,1.62950218868385,1.93943263330605,1.35131839594451,1.02353603639989,1.62736813738083,2.07111016116614,2.13566176514486,2.07623319900625,2.07114498399804,2.07428231515851,2.11220752031977,2.13969497994393,2.15661266915649,2.12633225921614,2.37431040145688,2.07067054724722,2.48674135099574,2.0033461891402,2.07509121467617,2.76513513035658
"82",1.79506221325787,1.84517207532881,1.78456485020815,1.8188371916045,1.79182161912418,1.75640632722806,1.72735321629028,1.75995047774747,1.75873273703426,1.60720278714537,1.59195646672987,1.78521732391443,1.95425850202968,1.43365831608869,1.26001641247281,2.05507726275887,2.11819639654416,2.05930683095293,2.09140024476057,2.08179494327496,2.05045068681391,2.02780739554022,2.06784100970461,2.10946710508033,2.10347352642174,2.0638556311594,2.12653155810152,2.56253165849205,2.05923839448492,2.0516630602345
"83",1.71190505476444,1.82750179576663,1.77099992789614,1.86624832415862,1.81299170954515,1.83937306596108,1.85378922019059,1.82226846383183,1.76079583775731,2.0055146399354,1.71058880148307,1.77143379215167,1.90032059892866,1.33142622691608,1.8910384064749,1.97225837147346,2.08392481495766,2.03152327467809,2.161582817274,2.10299743239321,2.12644532353116,2.1474519712476,2.11524362185164,2.24950118724325,2.65013838485908,2.1990530547272,2.2613915256992,4.19208010707357,2.28626507540784,2.6525198533567
"84",1.6870369233116,1.85681216444374,1.70620712355597,1.81965997692393,1.81277654837969,1.74416807076927,1.82694315000404,1.81127001668475,1.74479762951184,1.45247053893187,1.85978181197184,1.49440944019961,1.61522281485357,1.42522993015895,1.29663375721683,1.93527917147838,2.13207950626054,1.98446112502527,2.0902671875263,2.0899155203716,2.02916494179945,2.21241780318116,2.15610004018178,2.17164903421372,1.96735998580192,2.4535205041062,2.23061425782483,2.49234854918058,3.20674519658979,1.94049772863231
"85",1.71174615817572,1.81920796047721,1.72341745439153,1.88730354406281,1.82134754228853,1.79825735052936,1.81574522232457,1.83699285175894,1.71921787689678,1.76942586235163,1.55773627153703,1.84689371982275,1.64553701594755,1.49856257854781,1.68804747952696,1.97114786158379,2.08877265502412,1.99819266038703,2.18662897811916,2.12090858632937,2.1144710293594,2.10508089529486,2.16408512544729,2.38545251802232,2.17471165061441,2.29044676081309,2.31269153997258,2.35685382510183,2.33574099752015,2.36677083180418
"86",1.79071058488097,1.79406908214181,1.78199746125665,1.7151374915154,1.79087724895132,1.82210702589535,1.70523395840704,1.80376322407195,1.86554277297324,1.84368054112662,1.68852441979357,1.9518766703863,1.23861170286982,1.63306440590298,1.60876965758529,2.05921797756836,2.05375741182766,2.05795523021633,1.97989865504843,2.06252656717464,2.13636540959998,2.03272615151721,2.19059862192582,2.2200336479152,2.20974320860259,2.2249991603377,2.33474597522229,1.95906913083357,2.14047900493087,2.25009042629009
"87",1.81228977835006,1.78902306626196,1.80279354350284,1.81949179444793,1.86078120986569,1.71748691514679,1.79739982039212,1.85690471340981,1.67821150842272,1.54285048614752,1.59394302010397,1.74098443131521,1.87783005404246,1.90512575285821,1.46266693712149,2.06665659429368,2.0327317308963,2.07244118829266,2.0756781582244,2.12902461188917,2.01393619351581,2.1657999995459,2.22257724570439,2.03569830439761,1.97202780677214,2.14046951411514,2.43711887080731,2.28547390898738,2.68807000298993,2.08178391702181
"88",1.82783855412496,1.78746363073568,1.80616391725224,1.83990914032523,1.83586765546537,1.78698473950838,1.79220933476997,1.85731798504754,1.62052231502284,1.81576879136526,1.41165103858472,1.24126610794198,1.64434436952416,1.87242410211954,1.80684506931711,2.09037425592176,2.04100694902954,2.07564692766307,2.11541950219332,2.12702585307189,2.0604784351422,2.16026558185804,2.17936624652072,2.04592936355204,2.26442685350833,2.09404154109556,2.10829944133409,2.14037912813838,2.34859261113629,2.4747049595496
"89",1.78144894036077,1.77524964558774,1.86874701799178,1.78300525236415,1.8340666178891,1.81105644532327,1.75242030980346,1.79115655546226,1.77704197114335,1.60414199849399,1.72878034229242,1.81088075718202,0.88297378119376,1.91340576580391,1.52452723182847,2.02634276042219,2.03583986082819,2.13005746875792,2.06451698876696,2.11951870724614,2.13399446928471,2.06988702203648,2.09640730476406,2.1793970721906,1.98667926997481,2.26325755345044,2.24031456095761,2.08088312843287,2.69227141314511,2.16671378338378
"90",1.81867372712698,1.83064095484052,1.74336225985023,1.72161481847816,1.63310682908962,1.78473393977306,1.68155474611826,1.70428311520533,1.77621558361008,1.75891809012696,1.65068381565925,1.48756569422589,1.74990870358146,1.73975146981853,1.11028621270337,2.08944124221006,2.08409397735312,2.0048034785687,2.00475101112652,2.01037917109747,2.08035994397926,2.04223567280001,2.07004441780498,2.1925625728762,2.12471672293528,2.10103391998467,1.9710046040862,2.24317078747291,2.22295569898862,6.44628795300468
"91",1.72471057003127,1.72385922455804,1.7393480504177,1.77523898708277,1.88533395229955,1.74110254609759,1.80045196704206,1.84838588824594,1.72572219574022,1.67620985535796,1.82963833122749,1.79526069412876,1.73533455313302,1.6247315310028,1.22685797049317,1.98556535859217,1.98614206565317,1.99707739179064,2.05599676747047,2.18011606117386,2.04465114266325,2.23828600096514,2.17105594462842,2.19031184429188,2.02440008968354,2.24813097075636,2.21983652644794,2.57707502476856,2.16045671885647,2.05056974521652
"92",1.81241234461537,1.83522142740465,1.81523978020274,1.72660656955432,1.65234474991924,1.8288551317163,1.77085335069267,1.59612713087834,1.78509734253103,1.62898296242744,1.58850035467114,1.28489479987528,1.53304255899447,1.6954812582096,1.64496062806669,2.0841950665307,2.09528291049795,2.09619350900635,2.01148850307214,2.05256523299089,2.13147217481818,2.06660482056968,2.01102060385998,2.282553594983,2.01495942565423,2.11420077544224,1.98640292196136,2.02104903591358,2.57872822623977,2.88999191390468
"93",1.7766748979882,1.70919847284475,1.80293485694851,1.75604257404032,1.7950310264473,1.79255696280718,1.84257679321672,1.6730770505159,1.79467930309064,1.56512775405814,1.63051334290461,1.43835954827746,1.63111306092951,1.41826420971505,1.35188136870147,2.04837840113596,1.9827608083813,2.06471454498564,2.03153315155066,2.06903256623334,2.09696064450813,2.20985340657598,2.05563733210494,2.14698374453679,2.37891078685982,2.09147380358992,2.16874839809131,3.28698174626253,2.28666165230774,2.58517700579852
"94",1.74648126035639,1.76367007739605,1.84221151267528,1.87331198919439,1.75597261003876,1.702716543179,1.83008573727485,1.80205765541091,1.70023179024075,1.73761705911898,1.70417524063292,1.48032219793545,-0.258850106428916,1.77109035166976,1.88048586509258,2.00315879685739,2.01879790590042,2.09207615647984,2.15058962976002,2.05994254023469,1.99819015688243,2.21113563533032,2.17921274590249,2.17208638580647,2.12231507048692,2.16651310974169,2.23148724343008,2.3880894672483,2.26155594446802,2.70495879882829
"95",1.752595352395,1.77747475979157,1.77910298059436,1.94623500207298,1.72357749447048,1.80407076247284,1.76151360681865,1.7589686755922,1.63678094203841,1.47699166150351,1.89807373054674,1.54597378604264,1.59249131987641,1.54383112001702,0.167519236849477,2.01606193700307,2.03364346163411,2.03345950325885,2.21509374759298,2.02890285379062,2.09892057784021,2.03834098858127,2.07977929945485,2.03524139508412,2.11172538162944,2.54464080283793,2.29023553042806,2.12546002308683,2.74532353743702,2.03628196562126
"96",1.7537288402156,1.86522914571436,1.79167275344299,1.7818913130146,1.78246351484598,1.78168351316314,1.71987870620036,1.80623139987498,1.71590152405489,1.75546631165164,1.75387854263464,1.3524735749211,1.62113074603189,1.67535175853451,1.67377522549433,2.01658592361208,2.12774310858598,2.06036360480423,2.07037119747208,2.05618469352786,2.03862937690317,2.06976455530171,2.14917304099996,2.14542348048795,2.14445574264407,2.26097232551662,2.20479029696276,2.5064597208795,2.65089278748775,2.63454955634041
"97",1.71761096114923,1.86933911336638,1.81278665510434,1.80591223731042,1.78083801046905,1.74753503297474,1.71932229269213,1.67071848777485,1.80715506322056,1.52845699369084,1.5236468225597,1.53803163944326,1.21994174943728,1.44549044388402,1.55280193298752,1.97848269699371,2.13064755000158,2.10107807933499,2.0823512994323,2.07822757079135,2.08401281167375,2.04702678249156,2.25641971517392,2.21012614373061,2.29292842000382,2.17457148149554,2.317777628175,2.3110474334891,2.55451007770954,2.22124111853825
"98",1.76796056609362,1.79195613218667,1.86678446617363,1.7156507999401,1.74481532813315,1.81835499429386,1.84042494005026,1.86208540537428,1.83508431485527,1.75087947459582,1.32269376269344,1.78945421905968,1.43033886048724,1.85469281070306,1.77771437869884,2.02935974857261,2.0561121909018,2.14083106956799,1.99634403196816,2.01738315796366,2.12806822311428,2.13702099413845,2.22871627168665,2.19281324160388,2.07091973913897,2.13967526794708,2.40289346455295,2.16219587757318,2.39782191059521,2.27977492179322
"99",1.78274099617175,1.70978185971484,1.76852469867665,1.7785194533503,1.93664514733965,1.76891366662924,1.76573990554478,1.85035170648881,1.89396795679512,1.63792056313144,1.86175767098326,0.529650427017294,1.57861125120189,1.50242372079494,0.161762791760735,2.05780933342095,1.96911688452781,2.03206439297835,2.03475907787312,2.22035349777475,2.09607954974054,2.13252542491179,2.21593310325715,2.27819779021714,2.12322382064844,2.22079508390471,3.33549458807059,2.38623924457324,2.28405845136149,2.42634515768205
"100",1.75299486924025,1.76108585917578,1.75126097651321,1.76136147572702,1.84436805492242,1.7959393733969,1.77044942002215,1.81393793997896,1.84625149937514,1.7978642030134,1.67369877755,1.23068022549317,1.7050302232023,0.464565373004663,1.4672473775848,2.00896793117486,2.01664271254033,2.03383613209682,2.04648643641929,2.12730088922765,2.08590731098123,2.14921383523751,2.19963675392359,2.16542709938659,2.14072279101949,2.17052520712057,1.90942227662164,2.16990206174963,3.92084894571061,2.2171371053006
