"","V1","V2","V3","V4","V5","V6","V7","V8","V9","V10","V11","V12","V13","V14","V15","V16","V17","V18","V19","V20","V21","V22","V23","V24","V25","V26","V27","V28","V29","V30"
"1",2.01317604353098,2.00495451741959,2.06909634368143,2.10478132898621,1.93561112206693,2.00610874359532,2.08530140352856,1.80554328640257,1.98614287148679,1.81757322522744,1.83585346024267,1.84460340700521,1.83165509612179,1.60302556770842,1.38994834584592,2.4051831332836,2.36387871735958,2.42861733137736,2.45675539463939,2.30229867224127,2.42804036035928,2.51626951708324,2.31938620928555,2.53499209129536,2.23397189829474,2.64513917729885,2.27193705218839,2.37537050649006,2.46822210397799,2.58735113139206
"2",2.1656741068151,2.07645819601578,2.08252362150324,2.07724471557716,2.02489869881558,1.91871922561385,1.88502654446644,1.9353135069623,2.0248614098306,1.66876579479073,1.69768323061039,2.06403850539971,1.95818624652995,2.31728616196256,1.66036239488446,2.5804215573424,2.46487243668307,2.45514043747809,2.43756476035559,2.40059138716287,2.28162369618537,2.26441341583815,2.39423873996468,2.48493412083674,2.23375491424384,2.26816511565864,2.63416573569965,2.7567468149378,3.69097898720238,2.20566827564829
"3",2.07882620516157,2.02288996025208,2.06318693458787,2.01174624317639,1.85249420568944,2.09881081925461,1.83382580205537,1.9189138116922,1.84911515134923,1.95576725959864,2.01932441336626,1.79449478107801,2.3112310431855,1.70761663840649,1.78275593983789,2.45879922870345,2.37527724478236,2.42158137061672,2.3988021203165,2.21195757215263,2.48041339153823,2.24844646528479,2.35409930706555,2.44250843870861,2.41570350657986,2.79741044670766,2.35058520449119,3.76392941217724,2.39028979556302,2.52579435562933
"4",2.16308901981478,2.03176686300204,2.06829708347572,1.95492192759555,2.02411504781992,1.92488043873082,1.96511225554014,1.99905829704407,1.9536066355251,1.97736372092438,1.69404252339635,1.82265966717952,2.04579892006933,1.6655868118299,0.0354112699875251,2.56488810913404,2.38436582991739,2.43704749695011,2.30044700341487,2.41133152945759,2.29077985255105,2.33519357907668,2.47823325660464,2.37246772738938,2.50154948525224,2.26245778437698,2.49776695833915,2.63761847412627,2.51564373615017,2.71486736311325
"5",2.09389821660026,1.95206834484756,2.07066936248151,2.08476594689082,1.98275428184637,2.03382081823837,2.10734062895613,1.81687841621946,1.93146272804812,1.86550839375864,1.77864550811853,1.90113781585993,1.91329424768789,1.61907763637715,1.1381265907978,2.47467914881813,2.3035676560007,2.43758235674426,2.45425429107852,2.37831254412929,2.43052588154389,2.53698500402867,2.33081087006637,2.37292273471514,2.38999034269157,2.32444758459992,2.3781294923898,2.39194593010334,2.35781611421957,2.10151760215194
"6",2.04289004373064,2.03916739923188,2.01688067221791,1.97073727121853,1.9597453531938,2.00939111827468,1.91008387903286,1.78323270287975,1.60523298386928,1.73540205999181,1.75444525465472,1.87949201849059,1.64929875921402,1.63353980685941,1.26499683046266,2.42972116844815,2.39189687646576,2.36781764085386,2.3106256524122,2.32001175781535,2.37489357084314,2.30557414877894,2.29883334747155,2.19629879156714,2.23518028867547,2.47347296562301,2.59238960873756,2.21233929929261,2.36718734307645,2.49444116759967
"7",2.064080050409,1.99186616497185,1.90804825758355,1.96346589366441,2.1195811914625,1.9832537212283,1.94992047033626,1.98394655528836,2.01392222049647,1.96904455610431,1.90300532032597,1.76719042720415,1.82280750790939,1.12088262203896,1.5939576908009,2.44079413333166,2.33082409872094,2.23904466487644,2.30778891662745,2.4749934671348,2.35363790079458,2.30997557574983,2.40789511685736,2.50484498069996,2.65408400493315,2.38508140110174,2.68168582994852,2.44587732479536,2.11723046518832,2.16411306762681
"8",2.1286936204834,2.03735754148231,1.98368337027335,2.01277272124143,2.02364368081979,1.93214232795027,1.54958597358232,2.00026961222767,1.81348439580327,1.88879460980288,2.00197640299441,1.82163719901872,1.94632562291388,1.26183018867896,1.86254925654573,2.52525139902812,2.39747631815819,2.33385992694682,2.35367879973659,2.40698070442379,2.33404061165565,2.34973365583862,2.42379461970508,2.19921439722741,2.39213547778762,2.47966147775358,2.37363348917658,2.92448533050395,3.15704799507261,2.45014981462541
"9",2.10361529746426,2.1614212136652,2.09186088198332,1.85813382937943,1.9624688817455,2.07632268645563,1.77178954463961,1.67346088575634,1.82293298572929,1.79266681241874,1.73619351332389,1.78691616716934,1.73577422653988,1.84227230011102,1.56435891980749,2.48842010863727,2.53851311018452,2.44540297254603,2.20114801045876,2.30142031171262,2.45677715198166,2.23593288693087,2.18709916178191,2.31276352444609,2.4382210417672,2.36577528888937,2.40550732336176,2.35267636106233,2.33126645883157,2.35916784206724
"10",2.20460247445545,2.15271796710535,2.0153235195164,2.0736873330457,1.98382364069246,1.84876008891805,2.1089264836982,1.95791386724222,1.8272834079051,1.9096018541371,1.80274827624089,2.07613801822387,1.88800495048626,1.90013689279512,1.67156673781253,2.6006804328756,2.52556928132896,2.37022706900431,2.43452464801547,2.39706391701087,2.24203426908266,2.57916721967351,2.418271323779,2.24438725490498,2.62458998779345,2.29548648071472,2.95315867525882,3.0443324276519,2.4566379785584,2.22843917409986
"11",2.09506961458372,2.168520082137,1.94834058567883,2.0950217510717,1.92703169503358,1.99928450497166,1.97668329342401,1.95830029321187,1.85930745726437,1.93346794084197,1.89398829688956,1.82834084242709,1.5355424526663,1.74289220519116,1.32542705464499,2.48059015502423,2.53990746653475,2.29132425003901,2.46612485756703,2.27923910192256,2.36231471814386,2.37770613029056,2.39760070626665,2.38886476061285,2.43768875510072,2.48999795996271,2.3935696674525,2.57216774556409,2.22239924217419,2.5946244459417
"12",2.0665778306763,2.02029196042644,2.01814628459783,2.06212104832421,1.93518734539434,1.92561279074212,2.04073796728144,1.90426776056499,1.87323631231451,1.7980955485355,1.75862926255011,1.84099735310503,1.72616590657478,1.81601453401018,1.5979218384385,2.47432009204113,2.38905651849357,2.38433045897773,2.44039446412009,2.27170319561098,2.26920120160902,2.47947483099726,2.28928078080989,2.28751144914141,2.27017044315842,2.27062731185665,2.65859171545475,2.81779856674664,2.87246877360084,2.47001044019724
"13",2.15866964573369,2.05778870387861,2.01326226910565,1.84535260676558,2.01013255688481,2.05791460086358,1.86746363844382,1.80234427848992,1.97243834445609,1.95470415198864,1.93383307595358,1.77836005830512,1.77467517891138,1.73222916502357,1.68875495287433,2.54045903064759,2.4237328571548,2.37110045728074,2.17721695566228,2.35484450481709,2.42244722891374,2.33921283606867,2.32000614219677,2.43637737668989,2.40329674226282,2.52996212511652,2.58056644522869,2.27339248122214,2.71661683923687,2.36225327697884
"14",2.04178674371389,2.02906206931323,1.98416429099676,2.13330888020977,1.8272809313462,1.91065375707976,1.84819277497349,1.9741486993529,1.95520271923146,1.65684251315032,1.86270424321712,1.79757631238129,1.56679156611538,2.08031437831604,1.29182658404413,2.41962767733307,2.40551799272024,2.32339281036622,2.48802892960199,2.16209324614124,2.30229564776446,2.21202563683357,2.33898420946004,2.3434287262158,2.31038338823307,2.42136163137321,2.34547823954111,2.19487387544458,2.9807639463348,2.29639329519909
"15",2.19600734838178,2.0564102177803,2.01595292500866,2.01328579974436,1.97113180225453,1.93772278815283,2.09735186576032,1.92077339845822,1.77058827327084,1.73864949408539,1.70995932216503,1.71493886183737,1.59560779887815,0.986273219985723,0.675319966204551,2.58975543744727,2.42305117013568,2.36125708965824,2.37903043224568,2.35343678423372,2.35172045367874,2.4469617012158,2.46729759709201,2.30253097409722,2.17080411291295,2.25659005383343,2.6495822787695,2.9367825500435,2.36874211186455,4.28292425299626
"16",2.12902538677738,2.08356131711814,2.05078139448386,1.90273933515194,1.9518875573957,1.95866134027173,1.88751775597285,1.85019275532437,1.96876021888736,1.70666654138227,1.84041232481808,1.65942566273585,2.05104145776892,1.00731767636565,2.33572487399868,2.53453398966195,2.44171884639044,2.42442464924401,2.23793757518107,2.29331920620029,2.28749098363346,2.31930082784673,2.26705520326008,2.43086406642769,2.33348782244116,2.45395720221094,2.19067356898108,2.76187737915798,5.32699897153107,4.33187625378337
"17",2.09625727200828,1.97164247837905,1.9914713100859,2.0561921478921,1.93730905000588,2.00721883050188,1.92864123278125,1.9555234303426,1.95068141902871,1.81836945356353,2.17091671299699,1.65436275348402,1.39643451860836,2.04821638521473,1.85039900072859,2.48266773574648,2.33186189143476,2.34427796407327,2.41189562533613,2.28550869221579,2.38997204817228,2.28970769199687,2.39838682920335,2.58438319060668,2.44834031577986,2.79169171506047,2.29393242948005,2.4308981981768,3.54436771082386,2.91652915405209
"18",2.12254267484975,2.00096501374789,2.05683585064232,2.04988009543534,1.99880637363866,1.97185169871591,2.02320245103732,2.04492108905275,1.92845237374342,1.9178094824372,1.94960121667574,1.45258587343692,1.95539324800819,1.92290340527135,1.35886513060388,2.52235605242098,2.33424152892818,2.40982519821023,2.40282519666874,2.36188972315865,2.4040318108751,2.51051656185721,2.47181906169906,2.4108042402848,2.63220024472808,2.64694817945831,2.23155588949888,2.49852036753954,2.45643378964566,9.69683116751439
"19",2.18062091601593,1.95396326023049,2.07056823424378,2.03579445003892,1.97531289322211,1.88631433174222,1.70958225909598,1.93026340158756,1.80348787936819,1.98731595426792,1.8833506589405,1.9254059875758,1.7104795217139,1.55209514444756,1.10364870407408,2.59178255899607,2.31214895206931,2.43143244113165,2.37078986830451,2.35353735831124,2.28155838995136,2.26091769297833,2.37119564500461,2.23211954359927,2.51763613823603,2.4193182881679,2.38948471539524,2.86051583107202,2.50405760527465,2.29837182575811
"20",2.11732086592585,2.08488305940999,2.0617958224001,2.06351276480408,1.95682147519159,1.99745156587405,2.01035948988338,1.91437227102317,1.76138879397335,1.51970842805616,1.43286617327895,1.44396060990528,1.87241198458619,1.91529652448844,1.38452738986672,2.49698176219,2.44269009988735,2.3964006950586,2.3990907301184,2.29947007108266,2.37404909619174,2.47720765926152,2.46761139863424,2.30635527389301,2.22141253540108,2.04961764477675,2.20854947960664,2.57613652433845,2.55135547921354,2.65162085128379
"21",2.16799402157426,2.13864866313811,2.06529481999872,2.0788007817837,1.94155448245084,1.97389135799975,1.92401661998999,2.0194697954683,1.78007145221362,1.86896765574695,1.77233738351393,2.27835286006663,1.68474437499705,1.52424307848371,1.4738870711332,2.56283504284281,2.50253445362936,2.40778893856877,2.43006458348848,2.2882885508437,2.33836065344884,2.32660969572647,2.44565862225123,2.28415142767693,2.39121296427182,2.33482093935426,2.94849323673252,2.38854872960721,2.92056184416828,2.05767454422639
"22",2.2099968402849,2.07843962387501,2.03065968498705,2.0755448407544,2.10979436118157,1.86226247693069,2.04040753516553,1.88411099133293,1.83427769454791,1.79773446799987,1.73820970624685,2.04859685439358,1.65762591298624,1.15996965988761,1.89055708146063,2.61007530646436,2.45828276866394,2.37307695418857,2.42602530859134,2.50544950553898,2.26385406152592,2.44770554400232,2.25335339449511,2.24780896998776,2.20041497601327,2.24807937752518,2.59694984631128,2.45245964263939,2.61647128607167,2.39246459179329
"23",2.02823595724597,2.17827611593165,2.03249185183011,2.05260296436034,1.92414780459973,1.92428612029508,1.93712383797504,1.99415313372045,1.86975075698088,1.95437564671014,1.75025965538363,1.3053259348878,1.90365339646321,1.62901355312049,1.61845744508352,2.40372324930202,2.55777105179799,2.3724916415558,2.40285874264351,2.3037486289774,2.28524558527597,2.35444413364552,2.39058857701854,2.30815205324687,2.45274633335679,2.31577958248552,2.43913870723261,2.36012376528648,2.47967509456872,2.46731090313988
"24",2.17656498104766,2.13695821091021,2.01860962359611,1.96563006624051,1.91204152045138,2.10157507407415,1.86806856704672,1.85231145658738,1.7886818304005,2.06628440251315,1.93891865829293,1.84979735081846,1.80272713460568,1.79245910023581,1.60959714481189,2.57497328608424,2.51135404418543,2.36062412121996,2.28947610326652,2.26810414997205,2.53577283695158,2.25011329487497,2.31061529944042,2.18274829157966,2.57495719646693,2.48294914470641,2.41122118594412,2.70755986638799,2.60906981042186,2.4660738784866
"25",2.14938739957721,2.03998267778637,2.00466084784724,1.9590613201734,1.94728277413312,1.86477767173276,1.89295937124781,2.09884898578768,1.47794189815282,1.89649023210308,1.83996453899031,1.80582505128035,1.49725610806399,1.70619482502619,1.85978998673432,2.55129443464731,2.407552299769,2.34121314128841,2.2929752431646,2.30852200210023,2.24076950698941,2.29028429732605,2.48437957824362,2.17296169047489,2.58409728438749,2.2949821065532,2.57695625044835,2.13543877317158,2.62822072977592,2.33166691529395
"26",2.14855601435115,2.04896126624516,1.98276279754766,1.99368829393383,1.98721775250993,2.09622206005124,1.92935790495956,1.80148729205405,2.00599372437857,1.94612433282053,1.80092524697305,1.81934209545198,1.72067193214176,1.97012620649852,1.85950476338918,2.55261054253582,2.40671593983849,2.31783069493252,2.32575527503767,2.33752730897192,2.44085191153146,2.29359601420504,2.13889224418692,2.50909783449042,2.47587278208283,2.38827497354673,2.44850078390464,2.4379867703778,2.92257577507115,2.78732189126929
"27",2.11349938894521,2.09620338251136,2.03579196002342,1.96773758254465,1.97199347885989,1.9289932007028,1.98113958910589,1.85275625287009,1.8870087528095,1.77318175911492,1.25860107060157,1.96336694842251,1.35890576760511,1.78400650983892,1.47642801695367,2.52674194170787,2.46486887370445,2.39096710273777,2.30926413055207,2.30833720975685,2.32598561050664,2.36616275138577,2.3843113731539,2.40262327081237,2.84988028230298,2.26560271622437,2.60037389141402,2.46736350006234,2.51730180269278,2.30089352137993
"28",2.13865505938581,2.19244059381001,2.0484504396713,1.95233611534169,1.92987383371244,2.12018804427925,1.88624906042385,1.98948952875312,1.96899909178489,1.93061003695818,1.76570216722435,1.85787299901862,1.72740994355096,1.47817080747323,1.72156413014263,2.54912002328994,2.5584341965926,2.42384252219498,2.30628909453482,2.29088591827046,2.53513455934171,2.24472015536677,2.36473887725405,2.42174523208383,2.29816945041219,2.361554636267,2.57367376242349,2.39936957701911,2.25174514266746,2.37450840231177
"29",2.15032117472534,2.05682455277879,2.00323046624551,2.05057976925846,1.99203852045955,2.05217443805685,1.98491247329142,1.96418878141317,1.80480457131254,1.93589836466938,1.86769080709854,1.43004599755704,1.7793895450162,1.31437112177639,1.39648073129608,2.55304998637472,2.41054440750159,2.36755990053308,2.39520365285314,2.33477230190943,2.49192593388224,2.39702306717667,2.37918648104388,2.24064036282284,2.53496535657744,2.36454782728755,2.29413498546563,2.82922213832226,2.4052082188125,4.07980845478859
"30",2.12609305057877,2.04911383108065,2.07496844464899,1.92142118640698,2.05605533044235,1.98353629659999,2.05290521029032,1.80909663607494,1.68519605605298,1.75804773101896,1.80669948026936,1.49711463726894,1.79855671587635,1.84263503034041,-2.94081067790755,2.51952979159875,2.41427420508059,2.44274097805045,2.29801723883571,2.46160877407988,2.39586575643439,2.45389048100253,2.20224026035583,2.24389293987215,2.32113272232311,2.56623745201658,2.55851147867201,2.34825812650739,3.03686968700391,4.2986413077177
"31",2.1404003135407,2.07029386253706,2.16387474454359,1.86091580766587,1.87008316014258,1.98429741414781,1.90129014688028,1.8915634593465,1.78307113326405,1.90213860048478,1.85769886973051,1.9055649693317,1.99842447047961,1.63442976874917,1.2912600731875,2.52541694290844,2.44458464025549,2.52672809901982,2.19645066676648,2.21356869074461,2.35219986757536,2.48168747390725,2.35150388650039,2.24022017936501,2.43259488555525,2.3435382954823,2.55255889913561,2.54504205791936,2.42912425186121,2.65626522992876
"32",2.03783887256235,2.02134964989763,1.9896168621441,1.99750172819355,2.07644655987451,2.19541231820392,1.86276774922716,1.76374128135286,1.81820593171458,1.81341660331406,1.99562166539891,1.85927185921856,1.88735111194978,1.48248635470362,1.50261318222029,2.41904399093745,2.39003327504495,2.33024200203709,2.33660560974726,2.42005905869157,2.60551786473969,2.26319848046954,2.4432872223299,2.27015474573135,2.25213812012251,2.78124174113858,2.49403431535101,2.58101246750368,2.48825148446994,2.34488802504481
"33",1.96491207865034,2.02320262190036,1.99281850613591,1.97583012310202,1.97381835193867,1.92697141689758,1.87595664302181,1.85703850694641,1.71636425429136,1.66333142430056,1.71398228832199,1.85966803860335,1.00216245709463,1.79482451863829,1.62577663893264,2.32989945754126,2.36972351495202,2.3318784077634,2.33225963418665,2.3294040300491,2.31413054187379,2.32897756091582,2.28383422184949,2.14570654158983,2.19689118848058,2.68654005240351,2.45562304150478,2.43326745531865,2.17743714101326,2.98682600183821
"34",1.95025627345048,2.04389327461651,2.03404678897111,2.03827746534991,2.02402405614278,1.94202697397152,1.90072006485099,1.67960616920253,1.76406065659342,1.86903451831912,1.7307916459577,1.51225236493568,1.90956916415459,1.15762056171689,1.2133491707001,2.30580891397836,2.39242362698187,2.37613747487352,2.3741983245454,2.40003290882169,2.30808899287708,2.23945977872295,2.35017872818477,2.31328072528875,2.41061202161881,2.26354270221775,2.04723771903053,2.37258257947638,2.11657922504528,2.33818751899966
"35",2.12160650287371,2.10191592347211,2.05484076873408,1.98983494680226,2.06612165439477,1.87155520398498,2.05698835139425,1.94560651047536,1.81914320953832,1.79494749170148,1.88828634785323,1.4936074672148,1.78316795761407,1.70644475876864,1.72551237243824,2.51174132611176,2.43539046937834,2.40405709530896,2.31759266829323,2.45822940415282,2.23515879582155,2.53294888885279,2.41893673869387,2.24691569145902,2.29234866846874,2.479466190496,2.51106499802908,3.39902019157142,3.80969520243412,3.00667095173513
"36",2.02004543705724,2.0252794424878,2.14312416204413,2.03177814873966,1.90478788560274,1.90745508449193,2.02271914256834,1.83020281303109,1.88124919257764,1.75430192702997,1.81533952936321,1.92630974336188,1.81147302617314,1.51933181373721,1.550847307486,2.39634210258927,2.37576227213425,2.51562364887266,2.37095138274449,2.24285673627918,2.23803934368313,2.3842809427826,2.29846876452431,2.27385970312154,2.35085222897458,2.29391253399827,2.43409776794634,2.68290781133896,2.41547538780775,2.81024830676622
"37",2.0478844168168,2.04425363892755,1.98009247752829,2.03249183355587,1.95720854342515,2.05540565124545,1.90160104518801,1.9320937026807,1.73875614526724,1.60253009738271,1.8476393656276,1.8316450140879,1.81759128522899,1.35316306554127,1.6203736468473,2.43121888287084,2.39914924651574,2.30691455032762,2.39471321369341,2.29659596300423,2.4641936166825,2.28424798744317,2.35609915643859,2.19375717036145,2.19955076626513,2.62472025087885,2.41785556628639,2.71726986865032,2.76240687155216,2.35046949124681
"38",2.04356546601904,2.00966454472038,1.98641009039318,2.03921396028513,2.00193298988242,1.86981356579137,1.99915024370223,1.8075421923528,1.83107842336204,1.65754773477939,1.77448241451878,1.347842909019,0.956171260503887,1.44464363657839,1.5245622135532,2.43797832041124,2.35959305022886,2.32332888853883,2.3814440506073,2.33147599881026,2.23350774452643,2.45878165300197,2.38171051699351,2.45211627614085,2.48124479700749,2.28252214912174,2.29296075711594,2.33260363663685,2.47679930375066,2.23149260674762
"39",2.018479612711,2.0542395313224,1.96565516545554,2.0962775432247,1.94992334846883,1.93956790454821,1.91438051140393,1.88432828173466,1.96071687982959,1.8313041982184,1.95764455380217,2.41334704951522,1.75223587303283,1.81691745661076,1.43694871367373,2.41121571201604,2.41059114353924,2.32408284412863,2.4525825856182,2.28523410649395,2.38743163396096,2.29181280845209,2.38627423360763,2.36160675402387,2.55400793524942,2.4585428184762,3.43327612374635,2.26339310615807,2.44007929269835,2.60243567931976
"40",1.90136423839527,2.1427558599773,2.00156876687833,1.99288776630269,1.85828603050887,1.93780605392234,1.94070270217984,1.92296230420552,1.71891680751096,1.66138583292053,1.8063689975572,1.69252660813942,1.83691075271004,2.13076912770704,1.53491196743189,2.25937483758213,2.51596119031489,2.35916975830759,2.34978081985682,2.23432031594902,2.29267868732325,2.31301600379659,2.34535079798089,2.34617676743099,2.17564424610932,2.29360684400754,2.43920155294279,2.41552121890769,3.86322932055914,2.41415914427747
"41",2.17323192618538,2.07332924855936,2.00058285754706,2.12820972564143,2.07920691404723,2.00616143508599,1.85903847717077,2.03342154841096,1.72625715083152,1.93949807376463,1.58475452737806,1.8432101230449,1.82037223032473,0.900840004373668,1.60765351400994,2.5811957863382,2.44147867007255,2.35215401406456,2.48795259396655,2.47359958626086,2.37167126428627,2.25440777188596,2.46793429151489,2.39102062726098,2.49389130550843,2.62628031455409,2.51322992416895,2.48841156156097,2.88182361813001,2.71639387742158
"42",2.16926305794612,2.06861424081155,2.01723422305435,2.02436238138792,2.17977429525095,2.00752380288024,1.97839195906246,1.99766293626396,1.93050129766878,1.65861340260264,1.62146679703366,1.80183591723518,1.91875088392725,1.94885948637366,1.35450038979466,2.57317360454727,2.41750048937017,2.3723764561499,2.39081271743592,2.56078583190492,2.40321001424666,2.34931796259601,2.42988729016161,2.33353774984282,2.32810881365917,2.31009667600693,2.3750795435533,2.56007175556583,2.6845314524905,2.59192124156358
"43",2.12501679874954,2.06909931956356,2.06834441318772,2.04775002996611,2.01896897898493,2.06122258801511,1.99513926577711,1.90107012524,1.8235088476542,1.89557556559777,1.89351331843832,1.71874358148374,1.51198327039121,1.69172768540781,2.09163494766145,2.52207921968999,2.41891353249867,2.43273790768602,2.37275878220997,2.4000950666587,2.45508805498433,2.38531069063201,2.35871165040367,2.22908257272272,2.77431433688521,2.9198229753725,2.53681572691942,2.2221253348253,2.54497913125667,2.76096382548713
"44",2.06059755858927,2.04303226955399,2.03523745390222,2.03046874337907,1.97973113448449,2.03623096617656,2.11011442878617,1.91769424291132,1.80033438395864,1.99991003361915,1.77789891901812,1.57734944835823,1.71800123729751,1.6202160680768,1.52121550953043,2.42259017036313,2.4069524834691,2.39951261666902,2.37774301256983,2.35677583615108,2.45854431097956,2.51399567692679,2.37628022560799,2.22938413444927,2.49828634185135,2.3737834958302,2.48531799489706,2.31081060089405,2.75508500240818,2.38073298160806
"45",1.97503039944683,2.04258705802908,2.04620989687183,2.00142157720675,1.92708452325065,1.97798600047415,1.93510314859464,2.01290265440685,1.83616462931926,1.89427955590246,1.53598635334441,1.799010937477,1.88121652909482,1.76831897676952,1.15207963694452,2.33962234313669,2.39256478794886,2.40144126451668,2.3375551115011,2.28031088036249,2.32097546271563,2.33528871056657,2.39406956181255,2.23708792459929,2.41578675376088,2.32532160925032,2.47600696166855,2.76676159875922,2.76644766780912,2.2911280739216
"46",2.08878154205737,1.95101256111103,2.02894762788435,1.9838888987737,2.00371095295618,1.91893659704353,2.01956979007564,1.6946301077559,1.81816737575252,1.84089338721382,1.99442571719522,1.58478138461093,1.93610835126682,1.53988356909673,1.80082076795155,2.47762815275047,2.29393095105493,2.37782985525371,2.32438804903296,2.40949809146289,2.28121393784509,2.43342135484875,2.16210695731317,2.39050703492525,2.40142438216377,2.72283173097962,2.24565108532032,2.44491352336243,2.66293322029005,2.76687224528002
"47",2.13545368151545,2.10372411047803,1.97532674705915,2.0806952651381,2.08374820003847,1.89133389920864,2.01141977824988,1.99340352912259,1.90929377468125,1.81916244171681,1.80181095490948,1.70691283601528,1.67563888868531,1.43733399930451,1.27769056599605,2.52266919362017,2.46109597930221,2.30683856844377,2.41050648546677,2.45154633410807,2.28221016975572,2.40667315579901,2.53678669461327,2.35842037983961,2.27375541381448,2.52284204618043,2.40490870744086,2.43534384159463,2.42686466287053,3.39872682194295
"48",2.10507786774374,2.01960285953156,2.11801568322677,2.046018019534,2.05591759667916,1.89746889764328,1.96653921222772,1.96152535793646,2.06069345479777,1.69743758311632,1.68029799683268,1.96694840771105,1.86598756811689,1.62787503543126,1.67736436196118,2.49676834302946,2.38484267698243,2.49083435083562,2.39722447063028,2.42437284044441,2.36078986697084,2.32835709625313,2.40943035711185,2.48364762228554,2.27495697066494,2.39678825198962,2.64826794289498,2.56372360527532,2.31112491277794,2.32443963387743
"49",2.20515002328083,2.02701188561721,1.99413542554808,2.01699114328331,1.99128345998651,1.90944342750192,1.99097278572498,1.94002374599476,2.0519073459581,1.94820547454062,1.6079765643683,1.94730991405574,1.75333972064684,1.41897575781637,1.32556468264187,2.60595773775872,2.37870784412836,2.33661356477106,2.3636416786862,2.34820449997274,2.28092764322943,2.36393228692492,2.28830932306363,2.63568188812344,2.51507593497235,2.45518730699167,2.49438819532765,2.47540249419981,2.28186870447843,2.40418798156733
"50",2.06852477675825,2.09015713062731,2.08462925034653,2.03943266860555,2.04638626946223,1.98357370777477,1.91718439458736,1.85858097205251,1.87827243553509,1.95802106097368,1.87024786307715,0.747094481255199,1.45063618951416,1.41587416789878,1.67962670776285,2.45840221252506,2.44523281611378,2.43891728824854,2.36995511928563,2.39747761645698,2.40512872371391,2.31533832963219,2.27756678735094,2.40317311700039,2.50401640816775,2.4125441305197,2.3300528112862,2.26929871164565,2.32434355196835,2.3338725924915
"51",2.11452149216232,2.06955614396918,2.04390208453971,2.0266422298051,1.99892473546802,2.0069142534968,2.11419236256686,1.78386356102564,1.75928955899035,1.44346695278569,1.72354142105157,1.45634214980611,1.88258753289962,1.62896631410025,1.52133791610928,2.49720059711925,2.42408751762817,2.38486258990311,2.37248997334233,2.38183705738291,2.39357043747105,2.50464741183969,2.22860585007176,2.28247504548786,2.05918821404651,2.19545205044766,2.46639237444075,2.61538354124196,2.35892495261493,2.7246803550885
"52",2.0529696970175,1.95478292295006,2.09317700540307,2.00420985998237,2.00325860263888,1.98330467245437,1.98661929065964,1.86328836884721,1.73063583115472,1.81378603703025,1.93833403649415,1.82549070914635,1.150595942961,1.6239389075827,1.67217875109405,2.42974614074554,2.31863668789087,2.44886217941259,2.35653180502569,2.38610580895687,2.32673889080012,2.35834141078607,2.29201915958498,2.27698665102888,2.25099902688427,2.79108249918697,2.43442658577067,2.35661427555385,2.59052437750695,2.68632490835258
"53",2.12352187220608,2.15949224238536,1.98031666130799,2.08020967699272,2.1033090317568,1.95249835560534,2.01410051717882,1.90035852399564,1.89036863533354,1.64189967043355,1.98997596310457,1.82825564590823,1.45180084864811,1.58383900324043,1.7209491200961,2.51548009434148,2.54229870443222,2.30942793558045,2.43001335865115,2.46074083835787,2.38088048291465,2.42591464686185,2.25939444266997,2.30487402845829,2.19337968073092,2.71780887255378,2.43718627035046,2.53108945861586,2.82211724687515,2.42961385576205
"54",2.09663688593203,2.09547908362716,1.94782156285286,1.95656863004788,2.05426102086881,1.93638223092825,1.88340460876044,1.95552282377568,1.91377716563648,1.75682885646665,1.85708319595959,1.93087205940147,1.73885714973276,1.89431784513465,1.50392227157901,2.48905119826859,2.49189450948855,2.29514255745922,2.2845640763796,2.41187514226102,2.41718315025077,2.30680501425285,2.34829976485422,2.33649864435407,2.36571378231929,2.28908808169603,2.70278905933458,2.56682326532411,2.73854604897959,2.29425385775143
"55",2.1203798514261,2.00694359824331,2.03546263796044,2.12200577914542,2.11743191929973,1.98550380767437,2.01718039512287,1.93464717631424,1.79170622945943,1.76810278789518,1.96866424497688,1.76785091144925,1.70005289766466,2.05702310619023,1.68214890485594,2.51412846889124,2.35056466796809,2.3776900531444,2.48687212291253,2.48374591179101,2.4079198149311,2.42165990951665,2.36730246838336,2.29012657633994,2.28600905409055,2.71740463081734,2.61302575350469,2.58853343289156,2.82763783525384,3.0893840431838
"56",1.99698199727474,1.9723282822725,2.02033031781435,1.97729419593356,1.95981808380248,2.00014997180596,1.89881198925781,1.82234335789145,1.74746616647202,1.66526290191652,1.74712866532337,2.08708995990277,1.24182200966366,1.86220833081531,1.34368411333981,2.37026199030896,2.30733111054743,2.36948206128624,2.31487132232127,2.31003387044998,2.39260227531108,2.28557595277241,2.28872152455514,2.18323742546316,2.2733818133666,2.25840061031177,2.5373570774976,2.47342563508279,2.48545948992728,3.61156940640754
"57",2.06531016847475,2.11338146916479,2.00617519320713,2.10779265957679,2.06481512353666,1.92966066051776,1.95270900185307,1.9830102967651,2.05414355955775,1.76049371506544,1.8293984865738,1.87660182549432,1.68074863417424,1.73445413635421,1.40590174554837,2.43720355590659,2.47067077938388,2.35744611536097,2.47210085879047,2.44428163290992,2.28187191914756,2.58531576649314,2.42855959104549,2.53272200261513,2.38439733036016,2.34601463285947,2.46473094230009,2.86208261474706,2.7339252847424,2.72650251407812
"58",2.10714472360154,2.10359004967457,1.97602805950959,1.98650659839172,1.9633173977978,2.04847694411922,1.75649095020178,1.85804940024443,1.88313469351917,1.84906839914981,1.78514678852886,2.07124290964607,2.19677780370619,1.7747217895047,1.38632379466896,2.48676838684095,2.46667900511012,2.31170791293396,2.32559174837905,2.32658594883953,2.46479260396163,2.26250254209833,2.28527586695958,2.49247822503166,2.33948077259421,2.25466990478019,2.67366221708568,2.86195671786063,2.35722725647383,3.49322774766097
"59",2.06340800954267,1.99220683890443,1.96507904128477,2.02834392139628,2.05946993100348,1.95696379372517,2.0003092070447,1.89602533929894,1.8799505236651,1.86694818589432,1.97562038125032,1.69363327756189,1.78247002629305,1.57173186203448,1.42174649966194,2.45269608806228,2.37697554029197,2.28940615169108,2.36333156237436,2.42963598310918,2.30987641553623,2.47077351708691,2.27638915246726,2.41439634100331,2.55448364282619,2.62827188057448,2.72161051217481,2.47732795745079,2.35586595494614,2.65200842731232
"60",2.09782388542327,2.01921252104682,2.03085455994243,2.14427663620134,2.00031922478167,1.83134980280772,1.84204010210424,1.88448855210027,1.68122452117145,1.98834565602887,1.59271237687355,1.68220999049397,1.79881889096874,0.986617133657072,1.90865325539853,2.47487176057044,2.35325293995938,2.38154212180336,2.48615345028154,2.33928071391222,2.21784299766845,2.19326809313263,2.24110652369543,2.2172801422355,2.48509632539224,2.25159332664396,2.62920154958835,2.43785753080994,2.30886153044907,2.80939219722591
"61",2.15482105314392,2.06004963616535,1.96860677792661,2.12399377369538,2.16135289858208,2.03305310657196,2.10965526112377,1.83571535686663,1.93734759963912,1.9798795490437,1.73330368394485,1.61770241651481,1.58699484089395,1.56384810795623,1.87240205969745,2.5392303415451,2.41838088337273,2.30777139130706,2.50280793402597,2.54682368136405,2.41103809200246,2.56338375644193,2.30095714066556,2.36681970437841,2.53380596523507,2.28051875881391,2.30595661531172,2.55259051982778,2.975125626077,2.81924907455844
"62",2.14704904094499,2.08780893848754,2.03261936608498,2.01014342696149,1.97502598245812,1.91736825220632,2.0392956392096,2.02697979019102,1.88750400828037,1.81756981178938,1.77300557753421,1.5541283413194,1.92170197920914,1.73911479225843,1.63713120407946,2.54534137256148,2.45237730783332,2.37107202188124,2.36346046965626,2.3422511809007,2.25933502117455,2.41653928831232,2.48806962421668,2.37907883059993,2.2611671402859,2.23777553431884,2.67390188772391,3.40297420383414,2.35668776524467,2.65430798115254
"63",2.07866524570691,2.11817850807669,1.99353986070544,1.96355681097839,1.80988582497091,1.97027114255406,1.82904930137292,2.03980420778132,1.96426918462464,1.7912932986141,1.67724764304321,0.802991289256342,1.49805008948644,1.74112890478592,1.32898082308643,2.45712164810473,2.4767248025138,2.33499808806216,2.29956878014754,2.1592272216238,2.33048297425315,2.23567284618707,2.4648717655377,2.36991734945645,2.32964244998102,2.41672834946924,2.40382064825174,2.48365257507733,2.39962735216513,2.21533349447957
"64",2.03458636976771,2.05335277017925,2.09632994277783,1.9885469890778,1.94218267227718,1.93347052960636,2.01323520521046,1.86937603146769,1.96164810013792,1.82698628534433,1.90118290184892,1.97994262364766,2.07598235227073,1.7022634177529,1.72364158019887,2.42168392493041,2.40968727515277,2.46637253596596,2.32378971874068,2.2790372201019,2.30962414960475,2.44882161483242,2.33061284956062,2.55069179681699,2.37958161980016,2.31380131155951,2.71298406257616,2.701873876565,2.31174166273264,2.44102852131741
"65",2.16472874598409,2.06720199822037,2.04063021299052,2.00398893139367,1.8446798044749,1.92860540522704,1.99493474857672,1.77141057695403,2.03094019451575,1.92403995898002,1.74317188654749,1.90226598141918,1.97684184533411,0.945897174466709,1.64847265548747,2.56872941869076,2.42127306472169,2.39955705401802,2.34540666879733,2.21503959598922,2.29590815632967,2.36209824573932,2.38614646429438,2.52865868682552,2.46113278560496,2.22912239657406,2.39934768662357,2.49982791578715,2.53148106766642,2.73073837833658
"66",2.15130867072954,2.00808522035737,1.99541582441348,1.96829765112959,1.99224376247292,2.08196636116064,2.04783039776524,1.64803840237728,1.98583159144645,1.69509643739656,1.95368747842707,1.85749453794107,1.63932493288217,2.00871591290439,1.16249151231069,2.55611727068995,2.36431917848911,2.35066618046942,2.32251517082022,2.42681159259722,2.48523824983109,2.45246942185397,2.3266190260431,2.42528238409692,2.38954563117428,2.50482172685718,2.36476914594902,2.54144337577682,2.57821797040731,2.21048436158367
"67",2.09637622065591,2.0312023282961,1.97425193750874,2.05145435582567,2.02443668803735,2.03670102991092,1.88008084636333,2.00675054474917,1.8250206123895,1.69513561871586,1.84407209450107,1.13732414394378,1.8664256401345,1.50681828621369,1.27752780253074,2.4703907197756,2.38667358042508,2.29570674344592,2.40098408201907,2.44016893066046,2.4362616599915,2.33178848052143,2.39525045493521,2.31093095958109,2.12171537509384,2.3312686026151,2.26005601348034,2.68937633576648,2.01924581844764,2.54558447091097
"68",2.147806266219,2.0833823399752,1.93983602574207,1.96593860167527,1.91366215747335,1.98764711127038,2.02667746582662,2.01752510137159,1.84619275136509,1.74414161810544,1.90064052598313,1.79883980369504,1.35230202542939,1.45705155367597,1.691056450564,2.54177563775472,2.44073869691854,2.27494493852209,2.3019868739583,2.26646645285444,2.41792602308211,2.43284488518667,2.4172792633038,2.3458105020544,2.2407943262138,2.72720726018098,2.21348677739214,1.86427084788251,2.24169667828675,2.51526704792136
"69",2.1621853296878,2.03729621678843,1.98226708393543,2.02260842903212,1.91128784797815,1.91819508090565,2.09213182720418,1.73986073688366,1.76021828591042,1.84721440211276,1.65676990431374,1.85153460873608,1.88002514602124,1.82538709349328,1.59318077087857,2.55415576128242,2.40925692932732,2.32438697618828,2.36425575739424,2.26108902481886,2.29599341816098,2.50951218350946,2.2130700799554,2.23164393174046,2.2470959228426,2.33160164789735,2.41409447802841,2.55350743988448,2.497270594399,2.31965184201287
"70",2.00610511613822,1.98289766740878,2.03825522306416,2.00518768753278,2.03756103172382,2.00992925441568,2.00947409750831,2.01739241394941,2.01353173819101,1.92452522395096,1.92170052008693,1.99935818217415,0.972769035390748,1.68341432688084,1.6867268618359,2.37178676308159,2.32805347648974,2.4029118496322,2.34476022219488,2.40218635603635,2.41254111586684,2.42795100538209,2.38091246676881,2.46932448105637,2.60362678267479,2.4121840558182,2.61416021559286,2.39760635883195,2.6032507780655,2.78145615656199
"71",2.07202642463996,2.09881918504056,2.1765158874633,1.97709709617124,1.84357745668538,1.81888331983585,1.94631540727317,1.9416110004933,1.87434074689737,1.86096695517594,1.64661004799744,1.86081568061703,1.75375246274327,1.70401095092533,1.74984202862845,2.45177891348714,2.47867838568646,2.53554447694236,2.32296584729145,2.29643905074367,2.16987125262531,2.4142485224649,2.32348321315096,2.27979457885057,2.42800662077341,2.16238657722726,2.34294349164602,2.31946638544407,2.40150392376465,2.41260249702973
"72",1.97347290272587,2.01218606452015,2.0921498864151,2.07814917699257,1.95019056899975,2.01776917692827,1.96645801508726,1.83791987288963,1.69630904988623,1.91437365241253,1.862584270196,1.95289037674668,1.56963507513419,1.81037361384754,1.81471481741771,2.34484888205799,2.37036801070355,2.44408012444864,2.44029936415163,2.33636674106495,2.39572312426686,2.35340790784217,2.35207718612953,2.32564122023273,2.35801013979462,2.46168717607031,2.41213268974411,2.65411531284509,2.64028304070981,2.93332787047597
"73",2.10991633690584,2.05088371240855,2.1496633634457,2.09674330947445,2.13329230090291,1.9073196207018,1.77107333966843,1.97966996898444,1.75401411915214,1.70423958593018,1.91977942867939,1.61653377904884,1.64939377489979,1.20814654955919,1.45615798680177,2.51413893437175,2.40211468320851,2.50618280188116,2.4423327203469,2.51130699832299,2.27379370972965,2.16532787002765,2.37993293543297,2.74225585510138,2.13121113112399,2.32907642092353,2.47879473426564,2.30759379206083,3.19966602031643,2.45695613119876
"74",2.07916341877333,2.09535681482113,2.01399252940717,2.00413169031887,2.01101860808145,2.00413088782638,2.000580205552,1.90013083513395,2.06629903738663,1.7691174447266,1.64128246513834,1.68448731593359,1.71970388978107,1.72774787982032,1.53326711314775,2.45743167462031,2.46532396984716,2.35636088902015,2.33814939633438,2.34800196328027,2.36805261944274,2.49449559719173,2.30182002734099,2.53760853616497,2.41889960423104,2.38957334370129,2.40758004840786,2.48150610792819,2.61655781079602,2.45143846091239
"75",2.15128839773782,1.97834100516433,2.08009907922293,2.09122494868439,1.98436380688826,1.86769941049874,1.83019754630462,2.02313959534371,1.84195702411823,1.87933158690011,1.88535835360573,1.90346176204754,1.90993537783896,1.22655759222481,1.91367797830627,2.5438325758168,2.31390845283326,2.43871960211263,2.48716404430455,2.37894936016872,2.28454885350726,2.20289105769209,2.47466812535503,2.5091365992094,2.47948578832227,2.47886439602827,2.54351672046869,2.38482745860289,2.23829304200843,2.71302273767505
"76",2.10848907399429,2.16156665003961,1.88279433125033,2.06305243757023,2.05406614351097,2.084259160474,2.02867151719159,1.95773513460265,1.77452770046976,1.85709345536018,1.89562685432258,1.76298210431668,1.88215898484079,1.22481842918378,1.86153508009226,2.49707689643068,2.51399256229298,2.22363566971822,2.41117416493622,2.42550013157746,2.50591156252158,2.48487076165112,2.38114976391704,2.23155491064223,2.3098590275903,2.54159350267397,2.4291673112,2.61482711953392,2.5641426787678,2.54771286093982
"77",2.17852708382294,1.9625880070948,2.07157792264182,2.1177221291644,2.11859556404172,1.95385710261414,2.00644885550199,1.92931156737544,1.70255696672658,1.70910563261903,1.54137490914075,1.61878935661596,1.71608110224037,1.28328649924552,0.892950979925564,2.57746521088854,2.2959668087169,2.42516736873989,2.47929525130172,2.52957226029654,2.34041743633123,2.40635989101434,2.34552957007287,2.2630435581802,2.25530914721846,2.16110459415348,2.66297346408609,2.20604041178008,2.73571988405359,2.04982109987701
"78",2.05463954230644,2.02135353173573,2.0706737422471,1.91155279758539,1.85913897421979,1.8652079766807,1.89474544499881,1.86154756431354,1.9275751971222,1.84557740213275,1.71910686898027,1.80261869115523,1.80539165130053,2.85419127160017,1.57710511682729,2.45901658800283,2.38274876416686,2.43013301642429,2.26017149936871,2.19981218378353,2.19133140545608,2.28768707783892,2.29260154235535,2.49621397103199,2.31024960117057,2.26940004180258,2.42745208980845,2.43502462646993,3.96396576563426,2.80978320119629
"79",2.05359338360783,2.075838272537,2.02648779726899,2.01864604321175,2.00907174003588,1.96466863293245,2.05116889280901,1.95902692521047,1.87445076061324,1.88928168437733,1.54509289901766,1.77458741001989,1.46581851456787,1.86636114005658,1.66864762213645,2.4350374807627,2.4269841313261,2.37948266081372,2.3608796246262,2.36164891789435,2.3263225407462,2.49924269397323,2.35426192335343,2.55753942549542,2.37496470717424,2.55077129477752,2.54809531421591,2.18216596484981,2.55868927448178,2.38240832761339
"80",2.0510133038151,2.01943319274003,1.98566683110201,2.04043738380983,2.03787904388327,2.09578994181195,1.81307689283789,1.66132508190227,1.92474116505372,1.64645446392618,1.99578754045949,1.51169522807689,1.73513087782731,1.64676728013407,1.41411010270804,2.42576646285458,2.36096265069901,2.32569043926468,2.393384598124,2.41118345633175,2.46512722464689,2.20929569418053,2.63632760517253,2.33827415411833,2.30118234033576,2.72834902531787,2.49140148661487,2.38821802922393,2.37073759331697,2.75670115437825
"81",2.04560318253411,1.98662223673792,2.03279282914112,2.02070921611533,1.8805125957058,1.99495097902845,1.86583676021383,2.0661385181241,1.9110113969288,1.7602725447286,1.89009809068193,1.77984750137479,1.63069345214706,1.81870912090299,1.35858319868305,2.42959379263117,2.34216875854418,2.38418239870398,2.37428594729644,2.2196887352487,2.35324979472979,2.23795570758443,2.53753627605887,2.47501528876231,2.2479376782011,2.4334693902075,2.35150782619001,2.22416825648631,2.46434258334154,2.82569348575146
"82",2.00484546207913,2.03339753450046,2.0340585493565,2.13845384324025,1.98477728512192,2.05684216076143,1.98367885899491,1.95950916356868,1.90469019073021,2.11373774829936,1.76470748013306,1.84524769622725,1.52847578922531,1.9756615324656,1.75808387983709,2.37703081464738,2.40232493549406,2.38182276867449,2.50170076700879,2.3490533439419,2.42728424477354,2.37445723347014,2.36650033462576,2.28961478521807,2.68529383365738,2.33375951953024,2.33966620513653,2.38641634843504,2.56812267849555,2.35093652387798
"83",2.0742035642043,2.07368887959024,1.94735659053866,1.95334197939671,2.08460124148312,1.84244150030808,1.90335882591276,1.8722297269376,1.79630601757884,1.9309372958656,1.72552647551856,1.95302095427015,1.69282385989024,1.85842338714711,1.92419002880735,2.46909988106483,2.42583183861838,2.29137726115423,2.29953121854126,2.43222513468984,2.33127102178105,2.27184495808544,2.29002952472696,2.23270016135712,2.5641562278904,2.30776114598012,2.43885220499315,2.20978906622019,2.57650443511935,3.04579508121585
"84",2.08732506906963,2.13276176075402,2.0414021196226,2.01054435035351,1.90148767409254,1.91340471953698,1.82177302435679,2.00137521601141,1.95597526797957,1.96354244656811,1.58212452193239,1.87103646969983,1.6858167578061,1.8315400711418,1.55686602470062,2.46843687453492,2.50302864702342,2.40162602102109,2.34845336907672,2.26291030598842,2.27012621654888,2.18434587499326,2.4242697340289,2.47404222894668,2.45321137423107,2.12342008145514,2.60819124500849,2.19929508393542,2.50929265830351,2.37053583434133
"85",2.10152834136686,2.13069264598578,2.03777205594097,1.96750158496794,1.914991722421,2.08497608900707,1.97464200517241,1.97926143297134,1.95856302202441,2.04736917863947,1.32575550084356,0.666586689022292,1.96807940746686,1.89148219022422,1.73691825266202,2.49790631894839,2.50047637616735,2.39578917143106,2.33516940149443,2.28243262141424,2.47935815137916,2.36981862756683,2.33884633803904,2.54353690928203,2.60385456331206,2.52879915651797,2.25100530376762,2.71564070040103,2.55435460201126,2.74050186105857
"86",2.13624587816306,2.07054956280921,1.99412567968995,1.84842509917358,1.99646706426425,1.97916524003946,1.91692852377847,1.99386278055434,1.94432832380268,1.93297553389037,1.8870573653665,1.5916432446068,1.4455485458429,1.45671025572793,1.74148731656083,2.53604916920569,2.44336433013917,2.34240016597372,2.19610399908786,2.35798465682219,2.32226540635373,2.25896562220113,2.39509508057883,2.43286350991986,2.44962370303856,2.38421632727378,2.19930811800355,2.37107108383564,2.4199651060671,2.72097931753526
"87",2.06984350955535,2.05991336601197,2.03829028548202,2.09033449474402,2.12915246888721,1.87096622184301,1.86763402560724,1.92695578558646,2.02039089514947,1.76034011785649,1.79307597218201,1.69504406104855,1.61900023724321,1.63512956063687,1.23244253887427,2.44815368684816,2.44144456113795,2.40606928083227,2.44111640209675,2.50494193132242,2.23082709414362,2.23671158010866,2.38559953122803,2.46262254065661,2.40285266187873,2.43534012877879,2.53482125148965,2.34090287514605,2.289500852409,2.52960577880196
"88",2.07032281318445,2.00085422930655,1.91480580887395,2.00244331762728,1.88143179121534,1.93859706713828,1.7890890397629,1.92996296746195,1.97055122092297,2.03448608140336,1.74034602462349,1.82339992788914,1.6909882950863,1.9866561506263,2.03825553296132,2.44413137687173,2.36590753231046,2.26589135060844,2.33817901172876,2.23108173104567,2.32813832254843,2.14783274363726,2.31223320504592,2.40418830528963,2.43849287343133,2.32845903279614,2.45537239193034,2.37801942012687,2.96923762688374,2.94119172752007
"89",2.11456564481652,2.09908112609748,2.01160811762963,2.054373526082,2.02327703912725,1.8652296951308,1.89202340643587,1.83891091855501,1.84647066544585,1.86896201324323,1.52536389324911,1.8651790650418,1.88223671587536,1.66912193543971,2.02999320946614,2.49471882483936,2.46889366525729,2.34813654071104,2.41869670282409,2.41696732728363,2.25870996876618,2.26427929164225,2.24902547318238,2.29768175056331,2.38619203534604,2.16474152997269,2.55743257512395,2.54168519790667,2.34176404956379,2.7012390959306
"90",2.06449725829629,2.02309138183152,2.08014793092406,2.00837440392252,1.88317625072113,1.93526071312253,2.04974983162868,1.82969254530398,1.84049992353864,1.63133073308088,1.71833189849666,2.02125169518329,2.10673807109065,1.42000588889889,1.11109206073631,2.44238553371682,2.38345550703859,2.46071698593132,2.35299970891227,2.28644157528833,2.28112010823868,2.47714535186749,2.25514872404452,2.68840214182506,2.32655330053698,2.34941504173854,2.65601189205198,2.64614057378449,2.36524450348517,3.72413415996987
"91",2.06557648626485,2.12787853541503,2.02092750821418,2.01586327795778,1.91943757570249,1.93340387644684,1.87285373250898,1.92545391320731,1.93687758665876,1.79702928738521,1.84494350634689,1.71398384912958,1.79570764212431,1.35403997955493,1.40169454990182,2.45241169010626,2.50067015466325,2.3731269510819,2.33868700987825,2.24860261840654,2.31398042059327,2.19822561834175,2.31009654920461,2.54731795288168,2.22063412555026,2.35563985175582,2.20078444507807,2.35250516945047,2.58941415156869,2.25243514335018
"92",2.19823768939711,2.0482663538621,1.9870376629867,1.93170602581517,2.04857762300432,2.04402026013164,2.10058925003985,1.9563346237766,1.84624601828043,1.8196969215288,1.70018722524675,1.98846535443362,0.986365417382021,2.08078682063337,1.48826995546931,2.61245560032718,2.3978549843261,2.34780493025803,2.2508672812793,2.4265161084122,2.45974440991988,2.49631243039569,2.37861182357306,2.42740526742412,2.27115009526847,2.22049029029088,2.50115237981472,2.47375676042721,2.85923950109946,3.33864535865541
"93",2.03027478143738,2.141370309685,1.90930768826314,2.00157587143045,1.96411371346023,2.00765368554772,1.92577966132471,2.04701056663326,1.91367607167343,1.82401502731404,1.93677906301533,1.82728517881424,1.97827728980156,1.79241857216074,1.81245839727982,2.40502920303257,2.51160756286839,2.23444481103847,2.34509932101236,2.30232127619208,2.39032077784624,2.39844460063646,2.44540194967626,2.29985006699978,2.27126355262067,2.4156456657208,2.34450619897915,2.5626718330431,2.51569372728311,2.35273559505797
"94",2.11388068174513,2.17615836996026,1.84536619419385,2.06588374729716,2.01474170699798,2.03743168548567,1.94004005872676,1.74152707440312,2.0404511999474,1.93790651828305,1.94293220378609,1.87328436853043,1.79225325902835,1.59944533167182,1.54150738163665,2.5161182791047,2.54578697998748,2.17862683566909,2.44162138583039,2.37524320006976,2.37450188728239,2.33487719728874,2.14708246315235,2.9089347913134,2.35475120914068,2.47247070146499,2.50154410921453,2.5754602495301,2.5293220389817,2.70941690352219
"95",1.99686318188548,2.10964482396676,2.0511255798022,1.9311314253474,2.12365742375145,2.17315988038442,1.96166006264371,1.84375807560338,1.97970411933673,1.99742546553362,1.75844885173923,1.52612108417142,1.49280097670878,1.85308045362753,1.49324831520106,2.39430445320392,2.47126883416824,2.4005331044478,2.27249848745729,2.50407878969318,2.54702778489397,2.40623734512047,2.22952652736723,2.41165793153494,2.54915595470628,3.12517787866918,2.11299029900427,2.42699343973768,2.3122657823703,2.12926337033783
"96",1.95499085146969,1.98739582361434,1.97424424029877,2.06905215732665,1.9543409658463,1.87894273944133,1.84941209856718,1.95869148295842,1.78146718176474,1.79689195317202,1.78983229173398,1.77471407264829,1.2384121718141,1.76079961665748,1.91301413255126,2.33492144792015,2.34348793082546,2.32092540118716,2.40986139955516,2.30092385098765,2.32588118970166,2.21352360581022,2.40584078372857,2.26601331372483,2.43498361992224,2.46836958843671,2.32767476672928,2.75587313040049,2.82277248236467,3.06706573137511
"97",2.21864672311777,2.10103055713355,2.03331505522202,1.98963386275626,2.00448663873232,2.06227671222373,1.8576662243794,1.87686972151206,1.59979356755887,1.94912342399413,1.93174472286708,1.57165866067461,1.87030800669877,1.78921100654981,1.75654433422891,2.6220965977868,2.46731292889164,2.36921575631216,2.35779837997655,2.36410568454428,2.48772715337869,2.27541490684993,2.34139471340717,2.35907282772416,2.51191586683484,2.40183567761686,3.30031896910289,2.7695495716763,2.5157685366536,2.52128769882978
"98",2.11374255253988,2.09799236685458,2.05768740935763,2.05829537772,1.85286434614671,1.99149109510978,1.90559872367299,2.02250997716149,1.85472519549782,1.5672157170667,2.03804451435102,1.57249385579847,2.11117016605999,1.41587891846238,1.86550235259982,2.49710695688467,2.46124040396189,2.39731554480006,2.41892496798232,2.25416898180396,2.41642969411648,2.28146338783638,2.44676964383526,2.31288901813492,2.18327907100063,2.54851712075427,2.62237784391584,2.75170428155929,2.56363135036115,2.50752359854233
"99",2.05808421264021,2.09517119379065,2.08926352837964,2.08091563426721,2.14028914331214,1.96509871989454,1.85770551209811,1.98935683610093,1.65033576099021,1.95391593834844,2.08628930319575,1.7035942493174,1.49078868269724,1.91010608914673,1.57474367492481,2.43775509401613,2.45007859228496,2.42853573523759,2.45086847078088,2.51600083475482,2.3593465363587,2.2888952213072,2.34879860828474,2.31694061225629,2.44043412989512,2.70987265703831,2.59732263259092,2.36769760238008,2.75322731348517,2.22587505726901
"100",2.1955474271092,2.00591527398234,2.02870729115429,2.01410402112297,1.90278260559407,1.98270943689792,2.00205664730795,1.94714832636659,2.01793632815982,1.81260384940502,1.63249314319514,1.75346970489355,1.56133937740067,1.80157969097803,1.26230593695026,2.58513568699765,2.34771022567162,2.4022165746577,2.38745959936376,2.28802460123996,2.34528793392086,2.40185136096043,2.46590945943477,2.42562262580905,2.28943255644504,2.23722092410199,2.42321115339268,2.27586529749144,2.53058565872671,2.36229523101097
